28
D - 23-asp
O          1.91793       -1.46603        1.51730
H          2.16563       -0.53702        1.31180
H          2.31603       -1.68802        2.36880
O         -2.08677        1.35998        0.12370
H         -2.79257        2.02078        0.08600
H         -1.36447        1.77758        0.66440
O         -0.93327        0.50718       -2.24640
H         -1.41677        0.87408       -1.46980
H         -1.44337        0.78458       -3.02000
O          1.85723        0.76538       -1.95890
H          2.33523        1.17238       -2.69310
H          0.90963        0.82988       -2.18820
O          2.37813        1.11538        0.65980
H          2.28623        1.05348       -0.32490
H          3.23673        1.53378        0.81190
O         -2.28017       -0.96303        1.63280
H         -2.41287       -0.13122        1.12960
H         -3.15437       -1.32883        1.82050
O         -0.03017        2.16518        1.60690
H          0.04593        2.94327        2.17320
H          0.88033        1.93578        1.33000
O         -0.54167       -2.20492       -1.74660
H         -0.64387       -1.28292       -2.06480
H          0.05283       -2.65232       -2.36300
O         -0.33767       -2.38552        0.79160
H         -1.12707       -1.84762        1.14710
H         -0.36217       -2.35332       -0.22640
H          0.54543       -1.99782        1.12680
