28
H - 22-asp
O         -1.42614        0.94996        1.02894
H         -1.12934        0.18246        1.55824
H         -0.69024        1.58906        1.11264
O          2.33906       -0.14574        1.69774
H          2.56496       -0.42274        0.77884
H          3.14136       -0.29264        2.21804
O          2.41106       -0.72864       -0.98526
H          3.15686       -1.01404       -1.53046
H          2.12776        0.15166       -1.33826
O          1.24156        1.61746       -1.50696
H          1.22286        2.12876       -0.67506
H          1.34326        2.26436       -2.21696
O         -0.14214       -1.39194        1.99284
H         -0.32364       -1.96494        2.75054
H          0.77696       -1.07204        2.11264
O         -4.21524       -0.90104       -1.73556
H         -4.55714       -0.92014       -2.64016
H         -4.98354       -0.72364       -1.17586
O          1.05256        2.30566        1.20124
H          1.26946        3.09736        1.71214
H          1.62876        1.59306        1.54854
O         -0.14304       -1.90144       -0.81526
H         -0.15854       -1.99454        0.15774
H          0.78076       -1.64394       -1.01456
O         -1.77084       -0.03364       -1.27216
H         -1.68574        0.45546       -0.36446
H         -1.12314       -0.84044       -1.17676
H         -2.70864       -0.34384       -1.42246
