28
I -10-asp
O         -0.51620       -1.21828        2.20189
H         -0.56360       -1.66578        1.33229
H         -1.42810       -0.93238        2.36589
O         -1.88370        1.36992       -0.78761
H         -2.48710        2.05912       -1.09931
H         -2.44200        0.74362       -0.26821
O         -0.20850       -0.26938       -2.24921
H         -0.87370        0.37582       -1.91551
H         -0.43980       -0.41748       -3.17751
O          3.13430       -0.43588        0.73609
H          3.06000        0.02032       -0.12631
H          4.07700       -0.55298        0.91329
O          0.52530        2.20842        0.47569
H         -0.36740        2.03172        0.11719
H          1.12910        2.04822       -0.27561
O         -0.97000       -2.25238       -0.37621
H         -0.79920       -3.17938       -0.59211
H         -0.60280       -1.73128       -1.12011
O         -3.04560       -0.66628        0.63349
H         -2.65010       -1.44118        0.19049
H         -3.99010       -0.85908        0.71229
O          2.19960        0.99932       -1.48761
H          1.48380        0.50192       -1.93581
H          2.72090        1.40342       -2.19521
O          1.30340        0.56792        2.25359
H          0.57770       -0.15398        2.29219
H          2.10140        0.16152        1.78379
H          0.95530        1.28442        1.59829
