28
K - 30-asp
O          0.13981       -2.28489        2.90011
H         -0.73899       -1.88819        2.74351
H          0.12381       -2.67829        3.78241
O          0.19471        2.63121       -0.74599
H          0.97761        2.32491       -1.24529
H          0.27171        3.59541       -0.70699
O         -1.18429        0.92451       -2.49939
H         -1.87619        1.21701       -3.10939
H         -1.01499        1.68701       -1.90959
O          1.52961       -1.24389       -0.61829
H          0.58711       -1.43759       -0.79099
H          1.76201       -0.55719       -1.27239
O          0.08001        1.30721        1.77151
H         -0.77179        0.82851        1.78281
H          0.08161        1.83751        0.95021
O         -1.31059       -1.37979       -0.93519
H         -1.42719       -0.62839       -1.55759
H         -1.71329       -2.14469       -1.37059
O         -1.90069       -0.72649        1.72751
H         -2.83849       -0.67829        1.95921
H         -1.87409       -1.01729        0.79071
O          1.69191        0.95841       -2.44789
H          0.87521        0.84271       -2.96579
H          2.40271        1.05771       -3.09739
O          1.76651       -0.59529        1.82871
H          1.15861        0.23631        1.84601
H          1.25561       -1.29739        2.34671
H          1.75211       -0.89069        0.84341
