28
O - 40-asp
O         -0.81574       -1.95551        1.07606
H         -1.02494       -1.96071        0.12396
H         -1.59464       -2.31171        1.52276
O          1.01286        1.92909       -2.27044
H          1.62266        1.30389       -1.84494
H          1.56056        2.50179       -2.82264
O          0.71626        0.19359        3.29406
H          1.25916       -0.57361        3.01316
H          1.18386        0.61539        4.02746
O          1.77576       -1.86201        1.78206
H          0.86006       -2.17321        1.59166
H          2.29086       -2.64641        2.01476
O         -1.51594        0.98909       -2.45204
H         -2.03034        1.23649       -3.23264
H         -0.63324        1.41919       -2.55804
O          1.48006       -0.20911       -0.48324
H          0.84126       -0.78091       -0.96614
H          1.91436       -0.81551        0.15106
O         -0.63464       -1.51881       -1.70484
H         -1.08774       -0.75301       -2.12134
H         -0.59244       -2.20271       -2.38724
O         -2.17834        1.42959        0.20016
H         -2.79484        2.14189        0.41766
H         -2.12374        1.40049       -0.77964
O          0.21936        1.39939        1.10476
H          0.34666        0.97699        2.02806
H          0.70496        0.79259        0.44586
H         -0.76214        1.43369        0.82956
