28
Q - 144 - MD
O          1.69621        0.99016       -1.40140
H          1.09011        1.71266       -1.02420
H          1.42361        0.09946       -0.94910
H          1.41861        0.86836       -2.36920
O         -2.25129        1.09966       -0.29610
H         -3.13909        1.48356       -0.31290
H         -2.16589        0.66556        0.59050
O         -1.73899       -0.04574        2.07890
H         -2.31649       -0.11284        2.84940
H         -1.04259       -0.72174        2.20420
O          0.70861        0.38726       -3.69120
H         -0.17279        0.03646       -3.45740
H          0.61561        0.87986       -4.51670
O          0.85531       -1.21754       -0.53310
H          0.70301       -1.48194        0.39840
H          0.01371       -1.33724       -1.01340
O          0.39491       -1.86344        2.14240
H          0.24451       -2.80074        2.32780
H          1.16721       -1.61524        2.70220
O         -1.38329       -0.74704       -2.19360
H         -2.05319       -1.35954       -2.52750
H         -1.86379       -0.11924       -1.61020
O          2.56251       -1.04264        3.58290
H          3.46231       -1.34724        3.40330
H          2.56271       -0.80774        4.52060
O         -0.02019        2.70986       -0.58620
H         -0.88009        2.27956       -0.38740
H          0.10861        3.40736        0.06910
