13
1_2-A1 E[RI-MP2/aV[DTQ]Z]	-851.6274	-852.1135	-852.2747 
  S       0.000005      0.490124     -0.000002
  O      -1.135567      1.205195     -0.615778
  O       1.135576      1.205197      0.615771
  O      -0.551623     -0.520036      1.143358
  O       0.551626     -0.520045     -1.143356
  H      -1.458240     -0.815511      0.835493
  H       1.458243     -0.815523     -0.835494
  O      -2.985860     -0.873080      0.094620
  H      -3.192859     -1.571314     -0.540954
  H      -2.828114     -0.078349     -0.445681
  O       2.985855     -0.873072     -0.094615
  H       3.192853     -1.571309      0.540956
  H       2.828114     -0.078341      0.445689
