13
1_2-C1 E[RI-MP2/aV[DTQ]Z]	-851.6261	-852.1121	-852.2733
  S       1.003569     -0.079888     -0.141025
  O       2.446277     -0.016417     -0.397473
  O       0.092176     -0.917697     -0.951575
  O       0.738887     -0.623407      1.396208
  O       0.474490      1.431323     -0.071450
  H       1.435796     -0.228468      1.953084
  H      -0.544744      1.426519     -0.004841
  O      -2.113988      1.457785      0.127983
  H      -2.451968      0.532000      0.080467
  H      -2.555753      1.929506     -0.590079
  O      -2.524816     -1.222668      0.069754
  H      -3.122140     -1.804086     -0.416366
  H      -1.639331     -1.387813     -0.305795
