16
1_3-A1 E[RI-MP2/aV[DTQ]Z]	-927.9096	-928.4637	-928.6473
  O       1.565024      1.626597     -0.967407
  H       1.867032      1.036741     -1.673073
  H       2.038033      1.311779     -0.172390
  S      -1.264600     -0.054573      0.161380
  O      -2.704744     -0.231578      0.322937
  O      -1.040767      1.375643     -0.546584
  O      -0.754520     -1.108395     -0.963181
  O      -0.350204     -0.170063      1.338405
  H      -0.053402      1.495937     -0.705990
  H       0.222204     -1.274221     -0.828534
  O       1.902021     -1.524158     -0.776186
  H       2.265001     -1.159988      0.056652
  H       2.172580     -2.451244     -0.797676
  O       2.321235      0.193071      1.324896
  H       2.774293      0.345219      2.163340
  H       1.362663      0.117388      1.536607
