19
1_4-C1 E[RI-MP2/aV[DTQ]Z]	-1004.1854	-1004.8076	-1005.0138
  O      -0.034229     -0.749756      1.504390
  H       0.827804     -0.160498      1.587392
  S      -0.299035     -1.092082     -0.024578
  O      -1.512149     -1.931886     -0.073878
  O      -0.633514      0.364592     -0.695988
  H      -1.605321      0.539821     -0.514718
  O       0.943390     -1.527953     -0.703270
  O       1.931510      1.890494     -0.785829
  H       2.631267      1.302882     -1.113967
  H       1.110908      1.468805     -1.088780
  O       3.565262     -0.625102     -0.278569
  H       4.282289     -1.234979     -0.492164
  H       2.743874     -1.116108     -0.474444
  O       2.034803      0.698844      1.697666
  H       2.804482      0.161202      1.434346
  H       1.977510      1.328220      0.939988
  O      -3.226570      0.367727     -0.104118
  H      -3.911898      0.519017     -0.768482
  H      -3.180622     -0.599405      0.001342
