19
1_4-B1 E[RI-MP2/aV[DTQ]Z]	-1004.1892	-1004.8110	-1005.0171
  O      0.948174   -0.457938    2.040826
  H      1.234440    0.425252    1.742127
  H      1.450508   -1.071603    1.472533
  S     -1.530152   -0.053871   -0.301809
  O     -2.882071   -0.208223   -0.832775
  O     -1.522415   -0.675724    1.183074
  O     -1.277799    1.530488   -0.059626
  O     -0.343891   -0.570963   -1.052219
  H     -0.578319   -0.604537    1.550114
  H     -0.294387    1.669552    0.036158
  O      1.841777   -1.907022   -0.260054
  H      1.939393   -2.836689   -0.501872
  H      0.962302   -1.629496   -0.606213
  O      1.358863    1.886821    0.441574
  H      2.012626    1.492594   -0.189489
  H      1.637311    2.801090    0.580211
  O      3.029145    0.463714   -1.128076
  H      3.993399    0.486351   -1.095339
  H      2.783342   -0.461743   -0.920403
