19
1_4-A1 E[RI-MP2/aV[DTQ]Z]	-1004.1897	-1004.8120	-1005.0182
  S     -0.000975   -0.795266    0.018307
  O      1.297480   -1.498057    0.103045
  O     -1.239986   -1.579355   -0.181862
  O     -0.087218    0.105418    1.348517
  O     -0.001461    0.296394   -1.167004
  H     -0.990731    0.579097    1.350832
  H      0.811383    0.904400   -1.046962
  O      2.069006    1.826263   -0.853463
  H      2.763918    1.278831   -0.411566
  H      1.909134    2.563562   -0.249174
  O      3.638299    0.037207    0.429535
  H      2.932899   -0.639571    0.426439
  H      4.405587   -0.400096    0.039429
  O     -2.366531    1.357565    1.259376
  H     -2.825448    1.024152    0.448199
  H     -2.983684    1.193666    1.984458
  O     -3.340457    0.156190   -0.968903
  H     -3.145595    0.571406   -1.819463
  H     -2.685854   -0.566133   -0.899066
