19
1_4-A4 E[RI-MP2/aV[DTQ]Z]	-1004.1882	-1004.8103	-1005.0165
  O      -0.310553     -1.413091      0.511998
  H      -1.079237     -1.084821      1.095308
  S      -0.313324     -0.572390     -0.865165
  O      -1.682918     -0.460273     -1.414690
  O       0.076105      0.912706     -0.398273
  H       1.025383      0.896586     -0.023035
  O       0.758222     -1.181842     -1.683564
  O       2.944277     -1.812919      0.031774
  H       2.587037     -2.389758      0.720462
  H       2.250579     -1.815661     -0.656046
  O       2.474906      0.801257      0.597895
  H       2.792657     -0.121301      0.434328
  H       3.142352      1.379456      0.206404
  O      -2.269176     -0.560835      2.005464
  H      -2.806486      0.069718      1.468452
  H      -2.887414     -1.249460      2.282342
  O      -3.349710      1.151156      0.198911
  H      -2.878540      0.730085     -0.546105
  H      -4.248175      1.301937     -0.119036
