19
1_4-B2 E[RI-MP2/aV[DTQ]Z]	-1004.1878	-1004.8089	-1005.0148
  O       1.468040     -1.348484     -0.350324
  H       0.577738     -1.750870     -0.143164
  S       1.512883      0.176324      0.198902
  O       2.876927      0.646115     -0.031531
  O       0.537705      0.954090     -0.852292
  H      -0.359047      1.075391     -0.428271
  O       0.875981      0.236384      1.540720
  O      -2.014144      1.079544     -0.039034
  H      -2.465635      1.910935      0.154391
  H      -2.072725      0.525510      0.790879
  O      -1.820829     -0.575668      2.024644
  H      -1.724120     -1.425568      1.558654
  H      -0.892520     -0.336617      2.201893
  O      -0.989743     -2.430061     -0.024442
  H      -1.057014     -3.382848     -0.170166
  H      -1.439833     -2.000630     -0.797974
  O      -1.954512     -0.919498     -2.029468
  H      -2.142099     -0.105573     -1.522168
  H      -1.208866     -0.672918     -2.595411
