19
1_4-A2 E[RI-MP2/aV[DTQ]Z]	-1004.1899	-1004.8119	-1005.0180
  O      -0.304240     -1.304602      0.782342
  H      -1.090816     -0.891950      1.287397
  S      -0.322584     -0.747356     -0.728497
  O      -1.685734     -0.802332     -1.301162
  O      -0.008261      0.822315     -0.552094
  H       0.945625      0.924168     -0.200611
  O       0.793260     -1.442634     -1.407068
  O       3.026391     -1.607722      0.333189
  H       2.830617     -2.135079      1.118831
  H       2.288520     -1.800114     -0.277669
  O       2.400677      1.030647      0.394756
  H       3.038864      1.511733     -0.148121
  H       2.751931      0.107402      0.452116
  O      -2.283525     -0.185178      2.037003
  H      -2.731757      0.390657      1.368705
  H      -2.974584     -0.778300      2.359876
  O      -3.325365      1.161340     -0.075698
  H      -2.832901      0.603728     -0.709093
  H      -3.012759      2.058415     -0.252335
