22
1_5-A6 E[RI-MP2/aV[DTQ]Z]	-1080.4657	-1081.1562	-1081.3849
  O       0.146595      0.042184     -0.996488
  H       1.010771      0.567353     -1.166543
  S       0.276598     -0.702425      0.435875
  O       1.558968     -1.434142      0.518513
  O       0.386951      0.506071      1.478583
  H      -0.531432      0.976499      1.525490
  O      -0.994798     -1.437009      0.613940
  O      -3.273586     -1.363013     -1.080902
  H      -2.505634     -1.585947     -0.523472
  H      -3.937757     -2.034291     -0.885219
  O      -2.604905      1.329770     -1.034412
  H      -1.739638      1.077275     -1.393933
  H      -3.098455      0.486407     -1.093320
  O       2.318546      1.362583     -1.446303
  H       2.333052      2.245173     -1.052255
  H       3.061460      0.874233     -1.012578
  O       4.019004     -0.183806     -0.035959
  H       4.681029     -0.781452     -0.405543
  H       3.291618     -0.762308      0.265587
  O      -1.872306      1.711702      1.519864
  H      -2.230083      1.638922      0.592788
  H      -2.530828      1.278019      2.078748
