22
1_5-A2 E[RI-MP2/aV[DTQ]Z]	-1080.4673	-1081.1577	-1081.3863
  O      -0.218422     -0.359487      1.278005
  H       0.699949      0.107275      1.437594
  S      -0.315690     -0.809679     -0.251010
  O      -1.610966     -1.507616     -0.394719
  O      -0.335321      0.593226     -1.060970
  H      -1.148214      1.136122     -0.748042
  O       0.918426     -1.490253     -0.704855
  O       2.397946      1.804614     -0.881435
  H       3.023793      1.076649     -1.038379
  H       1.570744      1.486543     -1.279199
  O       3.574044     -0.778660     -0.152296
  H       4.244094     -1.447850     -0.339077
  H       2.722041     -1.197059     -0.384799
  O       2.000975      0.825999      1.647106
  H       2.724634      0.180495      1.566102
  H       2.133421      1.368497      0.831016
  O      -3.949011     -0.144074      0.404708
  H      -4.730858     -0.446355     -0.074209
  H      -3.251823     -0.794551      0.190796
  O      -2.382550      1.946868     -0.269267
  H      -2.219967      2.456267      0.536169
  H      -3.081545      1.291759     -0.022391
