22
1_5-I2 E[RI-MP2/aV[DTQ]Z]	-1080.4682	-1081.1584	-1081.3870
  O      -0.625967     -0.716474      1.377919
  H       0.702632     -0.195417      1.781569
  S      -0.881359     -0.658004     -0.124401
  O      -2.141568     -1.333959     -0.525753
  O      -1.075297      0.967613     -0.470872
  H      -2.034165      1.162131     -0.266204
  O       0.352840     -0.999404     -0.920292
  O       2.327452      0.680729     -1.796817
  H       2.424194      0.885672     -2.735569
  H       1.505802      0.146669     -1.725879
  O       1.362436      2.200068      0.352100
  H       0.431801      2.041843      0.095628
  H       1.843610      1.928959     -0.457564
  O       1.653362      0.205560      1.935073
  H       2.254144     -0.409833      1.391817
  H       1.612711      1.072389      1.383018
  O       2.897905     -1.356781      0.277419
  H       2.055644     -1.627829     -0.140468
  H       3.282197     -0.786675     -0.410439
  O      -3.716631      0.946180      0.031313
  H      -3.616939     -0.017398     -0.092760
  H      -4.037564      1.045314      0.937743
