22
1_5-A1 E[RI-MP2/aV[DTQ]Z]	-1080.4678	-1081.1578	-1081.3863
  O       0.306422      0.641403     -1.062981
  H       1.192674      1.107749     -0.839361
  S       0.299967     -0.808262     -0.340564
  O       1.582938     -1.503860     -0.580373
  O       0.280017     -0.456363      1.218582
  H      -0.621821      0.014947      1.458314
  O      -0.965585     -1.441716     -0.774181
  O      -3.569415     -0.643146     -0.104188
  H      -4.277665     -1.259200     -0.328959
  H      -2.746460     -1.078928     -0.400543
  O      -2.341674      1.971941     -0.606120
  H      -1.534665      1.669223     -1.054130
  H      -2.990701      1.276358     -0.809150
  O       2.515155      1.804885     -0.412079
  H       3.113935      2.045490     -1.131197
  H       3.017074      1.154202      0.140796
  O       3.605119     -0.244719      0.978957
  H       3.406109     -0.284172      1.923934
  H       2.992501     -0.890144      0.576534
  O      -1.890797      0.722911      1.791060
  H      -2.633572      0.109509      1.651385
  H      -2.029298      1.365303      1.052360
