22
1_5-C8 E[RI-MP2/aV[DTQ]Z]	-1080.4653	-1081.1547	-1081.3834
  O       0.557209      1.367612     -0.323959
  H      -0.386327      1.705502     -0.084132
  S       0.440260     -0.122486     -0.912007
  O       1.790681     -0.452523     -1.419901
  O       0.120848     -1.014974      0.410565
  H       0.935952     -0.997471      1.026053
  O      -0.753730     -0.275183     -1.761570
  O      -2.610846     -1.962455      0.126914
  H      -2.738063     -2.009050     -0.831129
  H      -1.655091     -1.797563      0.208272
  O      -3.542050      0.438370      1.034643
  H      -3.280564     -0.464301      0.732778
  H      -3.867941      0.326608      1.935688
  O      -1.746065      2.286123      0.306525
  H      -2.181366      2.701844     -0.449801
  H      -2.393382      1.601180      0.618691
  O       3.743569      0.649927      0.331442
  H       3.540016      1.595080      0.335992
  H       3.244295      0.316588     -0.439667
  O       2.222903     -0.934767      1.919442
  H       2.858226     -0.304555      1.496476
  H       2.125505     -0.641477      2.834115
