22
1_5-A8 E[RI-MP2/aV[DTQ]Z]	-1080.4655	-1081.1555	-1081.3841
  O       0.144808      1.078363     -0.175577
  H       1.018278      1.335302      0.293973
  S       0.312133     -0.417397     -0.788524
  O       1.629070     -0.536564     -1.453270
  O       0.415398     -1.336266      0.522403
  H      -0.501497     -1.365458      0.995635
  O      -0.932177     -0.671541     -1.537329
  O       3.675191     -0.621489      0.509539
  H       3.577139     -1.367489      1.115816
  H       3.070951     -0.828755     -0.229694
  O      -2.508246      2.313521     -0.000949
  H      -1.585506      2.022877     -0.106756
  H      -2.496159      2.881699      0.779664
  O       2.342494      1.671883      1.047950
  H       2.920045      0.871660      0.963826
  H       2.858519      2.394169      0.665875
  O      -3.477319     -0.312942     -0.072183
  H      -3.349111      0.655917      0.001402
  H      -2.935165     -0.533267     -0.847524
  O      -1.843574     -1.378402      1.729449
  H      -2.540592     -1.004739      1.117750
  H      -2.167591     -2.249461      1.992393
