22
1_5-C4 E[RI-MP2/aV[DTQ]Z]	-1080.4659	-1081.1562	-1081.3850
  O     -0.305892   -0.678704    0.872990
  H     -1.116018   -0.266636    1.335838
  S     -0.422224   -0.399352   -0.714936
  O     -1.769239   -0.759655   -1.210048
  O     -0.330277    1.193977   -0.832360
  H      0.626892    1.496059   -0.615742
  O      0.770755   -1.048081   -1.302192
  O      2.568199   -2.013856    0.674540
  H      1.965873   -2.152085    1.418057
  H      1.963066   -1.809873   -0.064767
  O      3.863918    0.380400    0.649790
  H      4.673542    0.230792    0.145810
  H      3.450992   -0.512668    0.736424
  O     -2.378291    0.348614    2.058222
  H     -3.112127    0.389970    1.396099
  H     -2.263740    1.257669    2.364782
  O     -4.073163    0.348626   -0.043573
  H     -4.822608   -0.253132   -0.135269
  H     -3.383318   -0.016482   -0.632387
  O      2.023633    2.074771   -0.308197
  H      2.723180    1.445491    0.011509
  H      2.034198    2.803205    0.325598
