25
1_6-A4 E[RI-MP2/aV[DTQ]Z]	-1156.7428	-1157.5010	-1157.7522
  O       0.644383     -0.871656      0.726731
  H       1.529773     -0.708993      1.214946
  S       0.689049     -0.090744     -0.682966
  O      -0.640441     -0.348304     -1.292320
  O       0.857626      1.442266     -0.276717
  H      -0.005732      1.789787      0.185374
  O       1.907167     -0.445690     -1.443352
  O       2.888044     -0.458719      1.943611
  H       2.876428      0.312304      2.526291
  H       3.564467     -0.251424      1.252227
  O      -3.117812      1.233206     -0.631493
  H      -2.519437      0.718060     -1.195412
  H      -3.637441      0.545061     -0.155075
  O      -4.339776     -0.878710      0.646400
  H      -5.096555     -1.335822      0.259712
  H      -3.594824     -1.517732      0.583961
  O      -1.241400      2.312796      0.862965
  H      -1.322446      3.275122      0.883712
  H      -2.031177      1.981747      0.341287
  O       4.390048      0.120399     -0.226125
  H       3.636267     -0.011429     -0.834098
  H       5.093560     -0.441433     -0.574856
  O      -2.061112     -2.377665      0.243503
  H      -1.581935     -1.792863     -0.371065
  H      -1.442143     -2.462184      0.981620
