25
1_6-B5 E[RI-MP2/aV[DTQ]Z]	-1156.7412	-1157.4996	-1157.7509
  O      -0.048011     -0.262780      0.617409
  H      -0.818650     -0.950808      0.596253
  S       0.126596      0.306548     -0.883641
  O       1.214108      1.304142     -0.816229
  O       0.573281     -0.979238     -1.727451
  H       1.511910     -1.267662     -1.416997
  O      -1.195386      0.686545     -1.435082
  O      -1.935227     -1.985513      0.528463
  H      -2.808125     -1.556156      0.724744
  H      -2.014402     -2.316025     -0.377233
  O      -4.159852     -0.605851      1.122679
  H      -3.976247      0.303798      0.795765
  H      -5.055498     -0.812030      0.829920
  O       2.757321     -0.810396      1.623995
  H       1.795531     -0.705038      1.697762
  H       3.073455      0.118547      1.601363
  O       2.897239     -1.682146     -0.885472
  H       3.115222     -2.622666     -0.906919
  H       2.933466     -1.415916      0.076192
  O       3.177723      1.898127      1.176123
  H       3.959834      2.315533      0.794203
  H       2.532557      1.865216      0.446305
  O      -3.201551      1.772378      0.200279
  H      -2.479257      1.525856     -0.409654
  H      -3.570899      2.588574     -0.156566
