25
1_6-I2 E[RI-MP2/aV[DTQ]Z]	-1156.7451	-1157.5037	-1157.7547
  O      -0.466534     -0.180742      1.095346
  H       0.872076     -0.020390      1.487679
  S      -0.725924     -1.045703     -0.167711
  O      -2.099151     -1.592467     -0.159405
  O      -0.602723      0.015778     -1.426585
  H      -1.394436      0.640928     -1.362340
  O       0.403170     -1.995249     -0.427152
  O       2.953623     -1.369864     -0.090914
  H       2.056439     -1.743116     -0.292423
  H       3.549156     -2.126396     -0.013314
  O       2.044824      1.040594     -1.649829
  H       2.574305      0.235880     -1.530954
  H       1.123031      0.714595     -1.677042
  O      -3.188337      0.747183      1.430204
  H      -3.591792     -0.110684      1.226147
  H      -2.257524      0.492611      1.578221
  O      -2.667113      1.623791     -1.098608
  H      -2.572321      2.583738     -1.127928
  H      -2.968446      1.412623     -0.179660
  O       2.503071      2.363343      0.619841
  H       2.040312      3.203399      0.727422
  H       2.311975      2.042896     -0.301923
  O       1.890630      0.153960      1.765364
  H       2.120230      1.087605      1.427359
  H       2.430918     -0.472004      1.197497
