25
1_6-B1 E[RI-MP2/aV[DTQ]Z]	-1156.7441	-1157.5022	-1157.7534
  O      -0.599404     -2.197229     -0.407390
  H      -1.488524     -1.895756      0.033775
  S       0.430615     -0.999892     -0.389677
  O      -0.097672      0.164372     -1.178848
  O       0.409376     -0.611603      1.164373
  H       0.991053      0.249999      1.278371
  O       1.745595     -1.531017     -0.812251
  O      -4.137098      0.625215      0.098630
  H      -3.432969      1.306399      0.014886
  H      -4.641587      0.672364     -0.722646
  O      -1.829412      2.025547      0.052745
  H      -1.385507      2.863150     -0.135083
  H      -1.243128      1.355560     -0.346321
  O       0.989074      2.748153     -0.962282
  H       0.793238      1.864159     -1.327321
  H       1.586082      3.160196     -1.600116
  O       1.911184      1.427540      1.356563
  H       2.768319      1.067178      1.036050
  H       1.653964      2.075482      0.668747
  O       3.924521      0.081294      0.054997
  H       3.321202     -0.599201     -0.301766
  H       4.682560     -0.408488      0.397076
  O      -2.767514     -1.593925      0.757714
  H      -2.606280     -1.482584      1.704529
  H      -3.308899     -0.805339      0.493355
