25
1_6-A5 E[RI-MP2/aV[DTQ]Z]	-1156.7419	-1157.4997	-1157.7507
  O      -0.205634      0.715498      0.356386
  H      -1.038859      0.636871      0.949136
  S      -0.504138     -0.085278     -1.030681
  O       0.769905     -0.067624     -1.775470
  O      -0.874141     -1.548379     -0.511776
  H      -0.036491     -1.970118     -0.065953
  O      -1.730368      0.446056     -1.667648
  O       1.670739      2.906336      0.637880
  H       0.884386      2.344751      0.527710
  H       1.369009      3.805476      0.459891
  O       3.234336      0.879204     -0.558124
  H       2.932922      1.741657     -0.215684
  H       2.491536      0.613470     -1.127869
  O       3.023600     -0.949879      1.413741
  H       2.922935     -0.477325      2.249335
  H       3.149103     -0.240316      0.730144
  O       1.103732     -2.612780      0.666115
  H       1.566908     -3.292363      0.159101
  H       1.816853     -1.981137      0.967565
  O      -4.102654      0.178825     -0.158694
  H      -4.745399      0.852741     -0.413566
  H      -3.414775      0.210812     -0.852599
  O      -2.314071      0.517412      1.832907
  H      -2.309026     -0.269531      2.394519
  H      -3.078399      0.389450      1.216663
