25
1_6-A3 E[RI-MP2/aV[DTQ]Z]	-1156.7428	-1157.5016	-1157.7528
  O      -0.410967     -0.931919      0.422582
  H      -1.253516     -0.900050      1.009609
  S      -0.625658      0.072783     -0.828644
  O      -1.893222     -0.242203     -1.523875
  O      -0.842041      1.491599     -0.134046
  H       0.046492      1.801667      0.305897
  O       0.644365      0.034252     -1.585091
  O      -2.530169     -0.837297      1.882913
  H      -3.280094     -0.561778      1.299407
  H      -2.482112     -0.159123      2.570231
  O       3.320184      0.628272      0.910899
  H       3.585795      0.389080      0.007432
  H       2.998978     -0.237815      1.247562
  O       2.292582     -1.949189      1.187168
  H       2.670587     -2.096070      0.302879
  H       1.355975     -1.780374      0.994143
  O       3.199427     -1.116408     -1.452478
  H       3.566065     -1.415456     -2.293723
  H       2.306618     -0.785258     -1.666531
  O       1.262553      2.278721      1.038062
  H       2.064757      1.683145      0.965453
  H       1.571122      3.165644      0.814098
  O      -4.262874      0.007142     -0.009602
  H      -4.981715     -0.522066     -0.377568
  H      -3.570580      0.008761     -0.699446
