25
1_6-B2 E[RI-MP2/aV[DTQ]Z]	-1156.7423	-1157.5008	-1157.7521
  O       0.040447     -0.321417      0.626639
  H       0.804186     -1.017543      0.596991
  S      -0.119515      0.302467     -0.856770
  O       1.216589      0.639147     -1.401664
  O      -0.630770     -0.930355     -1.736795
  H      -1.585374     -1.182074     -1.438488
  O      -1.158437      1.346656     -0.744590
  O       1.926059     -2.038980      0.608492
  H       2.042869     -2.474090     -0.247075
  H       2.788789     -1.580503      0.790079
  O      -3.190791      1.923163      1.183164
  H      -2.490368      1.916861      0.505747
  H      -2.988302      2.682202      1.743818
  O      -2.766567     -0.783449      1.612152
  H      -3.049281      0.155608      1.641256
  H      -1.798682     -0.712724      1.632549
  O      -2.985627     -1.551589     -0.930984
  H      -3.016778     -1.321713      0.038966
  H      -3.254674     -2.476843     -0.993412
  O       3.303527      1.752099      0.104892
  H       3.826920      2.321266     -0.472880
  H       2.539191      1.480622     -0.441598
  O       4.168930     -0.647678      1.070000
  H       4.464643     -0.546793      1.983286
  H       3.965517      0.265819      0.759671
