25
1_6-I4 E[RI-MP2/aV[DTQ]Z]	-1156.7430	-1157.5017	-1157.7530
  O      -0.165239     -0.493171      0.892937
  H      -1.418921     -0.225070      1.448695
  S      -0.130288     -0.119906     -0.607878
  O      -1.509791     -0.203992     -1.219135
  O       0.165271      1.471587     -0.668707
  H       1.113644      1.644232     -0.341327
  O       0.953035     -0.857962     -1.310956
  O      -2.939306      1.835877      0.059481
  H      -2.457371      1.337473     -0.635432
  H      -2.484345      2.688189      0.100192
  O       4.245964      0.051131      0.705550
  H       4.989802     -0.131230      0.118471
  H       3.702662     -0.774843      0.703900
  O       2.521656     -2.052017      0.706497
  H       1.989295     -1.780243     -0.068664
  H       1.897848     -1.910593      1.433145
  O       2.549705      2.064765      0.168306
  H       2.546249      2.589551      0.978897
  H       3.207589      1.341686      0.339792
  O      -3.358168     -1.788295      0.054070
  H      -2.693923     -1.469211     -0.596159
  H      -3.280862     -2.750760      0.065859
  O      -2.437168     -0.064314      1.766329
  H      -2.703520      0.768129      1.255630
  H      -2.915890     -0.808022      1.282384
