25
1_6-B4 E[RI-MP2/aV[DTQ]Z]	-1156.7430	-1157.5005	-1157.7515
  O       0.116958     -0.967861      0.603501
  H      -0.748785     -0.761365      1.158252
  S      -0.097307     -0.518409     -0.931426
  O      -1.412556     -0.973230     -1.425044
  O      -0.222118      1.096576     -0.819469
  H       0.711962      1.491641     -0.615076
  O       1.150189     -0.878764     -1.628278
  O      -2.635976      1.954340      0.494410
  H      -1.847730      1.815482     -0.063465
  H      -2.801267      2.904925      0.458900
  O      -3.910329     -0.718852      0.070014
  H      -3.944446      0.248829     -0.012211
  H      -3.289224     -0.966927     -0.636513
  O       3.737042      0.687983      1.082865
  H       3.500141     -0.268767      1.016387
  H       3.975577      0.835377      2.005905
  O       2.023564      2.179026     -0.313063
  H       2.526341      2.351971     -1.120467
  H       2.641898      1.646466      0.255350
  O       2.874275     -1.873428      0.747155
  H       2.983902     -2.091978     -0.189698
  H       1.915151     -1.721263      0.812211
  O      -1.954835     -0.440495      1.949129
  H      -2.055820      0.527382      1.963410
  H      -2.730010     -0.706778      1.392281
