12
2-A1 E[MP2/aV[DTQ]Z] -851.1337   -851.6180   -851.7794
S          6.28880        0.90990       -0.05500
O          7.73950        0.77680       -0.35370
O          5.61010        2.15510       -0.59420
O          5.47180       -0.34150       -0.32470
O          6.25690        1.10210        1.61740
H          5.33720        1.39940        1.80870
O          3.63900        2.27680        1.40920
H          3.14350        1.54080        0.99810
H          4.22550        2.53020        0.66460
O          2.79480        0.11740       -0.32530
H          2.71210        0.65350       -1.12490
H          3.76440       -0.09990       -0.32660
