15
3-A1 E[MP2/aV[DTQ]Z] -927.4188   -927.9707   -928.1545
S         -0.05680        0.91520       -0.41740
O          0.78330        0.28430        0.67700
O          0.79500        1.81740       -1.31100
O         -0.95910       -0.02090       -1.13440
O         -1.10200        1.96360        0.35250
H         -0.54730        2.74730        0.59570
O          0.80270        4.00150        0.55290
H          1.45670        3.53490        1.11890
H          0.94820        3.55750       -0.30520
O          2.52530        2.16380        1.83220
H          3.13940        2.02430        1.08740
H          1.84980        1.48300        1.61410
O          3.44270        1.07660       -0.73330
H          2.56930        1.39730       -1.05530
H          3.16840        0.24800       -0.31240
