15
3-B2  E[MP2/aV[DTQ]Z]   -927.4152   -927.9675   -928.1515
O          0.12720       -6.13860       -0.67730
S          0.86770       -7.08180        0.26110
O          2.21670       -7.48480       -0.29260
O          1.19280       -6.16040        1.61780
H          1.54800       -5.31160        1.25890
O          0.05050       -8.20740        0.79710
O         -2.41120       -7.58890       -0.84650
H         -1.93830       -8.13530       -0.19770
H         -1.72470       -6.91450       -0.99870
O          3.38480       -5.51760       -1.78500
H          3.00350       -6.24500       -1.23050
H          2.81040       -5.53590       -2.56210
O          1.75820       -3.91080       -0.02360
H          0.99140       -4.39870       -0.38600
H          2.47470       -4.25380       -0.59480
