15
3-B6  E[MP2/aV[DTQ]Z]   -927.4113   -927.9634   -928.1474
O          9.55030      -23.66860       -0.27590
S          9.15080      -22.45700       -1.09250
O          7.70730      -22.41800       -1.49640
O          9.25550      -21.16120       -0.02540
H         10.20130      -21.16350        0.23550
O         10.13220      -22.15010       -2.19130
O         12.07350      -22.10050       -0.04060
H         11.78960      -22.03820       -0.97330
H         11.59840      -22.90790        0.22270
O          5.86240      -24.13530       -0.32250
H          6.50130      -23.48790       -0.69980
H          6.15810      -24.96600       -0.71680
O          7.80360      -24.51920        1.90760
H          8.47540      -24.20720        1.27250
H          6.99000      -24.38270        1.39250
