15
3-B7  E[MP2/aV[DTQ]Z]   -927.4095   -927.9610   -928.1450
O         16.47430      -22.95560       -0.45690
S         17.47430      -23.41330        0.56170
O         18.83130      -23.74930        0.01010
O         17.72430      -21.97160        1.46560
H         18.01380      -22.30270        2.33330
O         16.96500      -24.38860        1.58540
O         19.88820      -21.16870       -0.56380
H         19.31910      -20.84770        0.15240
H         19.70800      -22.12950       -0.50060
O         14.07980      -23.99620        1.11330
H         14.91770      -24.31090        1.49670
H         14.43370      -23.47290        0.37660
O         17.60250      -21.07100       -2.48380
H         18.45160      -20.97480       -2.01800
H         17.13960      -21.70910       -1.91180
