18
4-A1   E[MP2/aV[DTQ]Z     -1003.701840339   -1004.321918449   -1004.528081888
O         -1.40150        0.98930        0.69190
S         -1.04060        2.19560       -0.14500
O         -1.91100        2.44330       -1.32140
O         -1.26720        3.52570        0.80650
H         -0.66190        3.43510        1.59890
O          0.46120        2.20030       -0.47540
O          2.19610        0.47170        0.58940
H          2.25330       -0.31250        0.03020
H          1.47530        1.01380        0.16600
O          2.51480        3.49560        0.88450
H          1.75300        3.27930        0.30260
H          2.97220        2.64100        0.91080
O          0.32070        0.46940        2.80670
H         -0.38570        0.57850        2.12910
H          1.08910        0.28650        2.23520
O          0.46990        3.26670        2.88190
H          0.46200        2.29060        3.00900
H          1.28890        3.41720        2.36750
