18
4-B1   E[MP2/aV[DTQ]Z     -1003.701766528   -1004.320875353   -1004.526990097
O          9.15630        1.31720       -0.83940
S          8.31020        0.59880        0.21340
O          9.06420       -0.51950        0.86510
O          8.05560        1.75210        1.41600
H          8.91070        2.25860        1.52850
O          6.91720        0.30290       -0.23550
O          6.14150        3.28160       -0.04310
H          6.00790        2.47920       -0.57400
H          6.68520        2.90140        0.67470
O          8.86510        4.08780       -0.88440
H          8.96680        3.12340       -1.03940
H          7.91030        4.13130       -0.69080
O         10.25340        3.34040        1.51080
H         10.90820        2.69720        1.16860
H          9.90840        3.78670        0.70780
O         11.63490        1.05720        0.42960
H         11.26760        0.34520        0.97860
H         10.91470        1.12210       -0.23540
