18
4-E1   E[MP2/aV[DTQ]Z     -1003.698573006   -1004.318291289   -1004.524726295
O          8.51760       -7.69100        0.63830
S          8.19420       -6.32180        0.03580
O          6.95110       -6.28190       -0.78370
O          7.84160       -5.35880        1.33870
H          8.51040       -5.59910        2.03360
O          9.41110       -5.71130       -0.62630
O         11.63590       -5.87490        1.11300
H         11.81760       -6.74750        0.71640
H         10.90180       -5.58290        0.53020
O         11.07260       -8.21510       -0.55210
H         10.83170       -7.48760       -1.14860
H         10.23330       -8.28090       -0.05160
O          9.70710       -6.48570        3.03840
H         10.49670       -6.32440        2.47130
H          9.32110       -7.27340        2.61660
O          5.99480       -9.04590       -0.13120
H          6.86800       -8.92210        0.27880
H          5.89650       -8.16930       -0.53850
