18
4-E2   E[MP2/aV[DTQ]Z     -1003.696474192   -1004.316241083   -1004.522690587
S          9.13580      -16.97260        0.74400
O          9.67800      -15.68760        1.68220
O          8.35230      -16.28160       -0.35170
O         10.40070      -17.64240        0.24870
O          8.29640      -17.81880        1.64480
H         10.65480      -15.81750        1.79090
O          5.62530      -16.97320        0.69320
H          6.28670      -17.41860        1.25080
H          6.22750      -16.53730        0.06820
O         11.92070      -15.56620       -1.04440
H         11.37070      -16.35720       -0.87210
H         11.24290      -14.86050       -1.08650
O          9.62580      -13.84470       -0.80750
H          9.70640      -13.65680        0.13890
H          9.09590      -14.67390       -0.77270
O         12.43470      -16.13120        1.66140
H         12.46290      -15.76860        0.74700
H         12.16310      -17.04680        1.47840
