18
4-G1   E[MP2/aV[DTQ]Z     -1003.693064952   -1004.312343404   -1004.518833189
S         17.27290      -33.87970       -0.29880
O         17.58560      -33.09560        1.16430
O         17.83580      -35.27120       -0.11820
O         15.77970      -33.81090       -0.38220
O         18.02060      -33.07800       -1.33490
H         18.56690      -33.12580        1.22960
O         15.42350      -36.39770        1.05290
H         15.05400      -35.61060        0.61710
H         16.33750      -36.34570        0.71460
O         20.31230      -33.73080        0.39440
H         19.89270      -34.60820        0.34910
H         19.95800      -33.32680       -0.41870
O         16.23120      -34.73990        3.35450
H         16.65280      -34.11280        2.74450
H         15.88270      -35.40830        2.73630
O         15.69880      -31.53310       -2.37690
H         15.26460      -32.14150       -1.75770
H         16.62040      -31.81950       -2.25630
