21
5-A2   E[MP2/aV[DTQ]Z     -1079.984926279   -1080.671563138   -1080.900021309
O         12.00230        7.43530       -1.16750
S         10.69950        8.09900       -0.83510
O          9.47210        7.24740       -0.94730
O         10.78390        8.40590        0.83510
H         11.75970        8.53920        1.00820
O         10.54340        9.46470       -1.47500
O         10.19970       11.26890        1.42630
H          9.46730       11.35500        0.77780
H         10.35210       10.30750        1.39270
O         13.45780        8.89910        0.88560
H         13.30260        9.78890        0.48800
H         13.45180        8.31300        0.10700
O          8.19830       10.83900       -0.54170
H          7.82610       10.08200       -0.04710
H          8.90460       10.40190       -1.05860
O          7.70300        8.39310        0.94450
H          8.14100        7.87510        0.23610
H          8.44530        8.51630        1.55470
O         12.48400       11.22160       -0.30380
H         11.94860       10.69520       -0.93140
H         11.79460       11.46930        0.34740
