21
5-A4   E[MP2/aV[DTQ]Z     -1079.980508963   -1080.667781569   -1080.896540198
O         17.48510        2.54770       -0.59050
S         17.00370        1.17410       -0.23500
O         17.94380        0.03430       -0.51390
O         16.90700        1.24900        1.44100
H         16.81770        0.29550        1.72250
O         15.59250        0.89610       -0.72330
O         13.89690       -0.41240        1.10280
H         14.34910       -0.10030        0.29290
H         13.83630        0.43260        1.59690
O         14.59740        3.54370       -0.38690
H         15.53730        3.78480       -0.33160
H         14.69400        2.62750       -0.71590
O         16.40050       -1.39620        1.81760
H         15.45170       -1.21500        1.61360
H         16.80660       -1.55660        0.94990
O         14.26250        2.23240        2.18220
H         15.20590        1.99060        2.13120
H         14.17770        2.78830        1.38150
O         20.10250        1.64000       -1.78780
H         19.45750        2.31960       -1.53330
H         19.64370        0.85400       -1.44540
