21
5-B1   E[MP2/aV[DTQ]Z     -1079.983333288   -1080.670565255   -1080.899365149
O         18.72380        9.16600       -1.55110
S         18.84350        8.05270       -0.51860
O         19.01330        8.59760        0.88840
O         17.38810        7.27590       -0.54170
H         16.70960        8.00590       -0.52280
O         19.83360        6.99160       -0.87140
O         21.55130       10.34600       -1.12180
H         20.81750        9.87260       -1.55020
H         21.81990        9.71080       -0.42720
O         19.10290       11.85370       -0.62160
H         20.05830       11.67440       -0.54400
H         18.81290       11.00700       -1.01450
O         21.89160        8.23320        0.82180
H         21.03850        8.47780        1.22690
H         21.56990        7.56670        0.18750
O         17.33020       10.79510        1.35830
H         17.87870        9.98200        1.37400
H         17.92900       11.39890        0.87430
O         15.89300        9.57220       -0.68920
H         16.26020       10.07610        0.07740
H         16.54600        9.76620       -1.38240
