24
6-B1   E[MP2/aV[DTQ]Z     -1156.266149866   -1157.020958464   -1157.27164261
O         22.23690        3.35340       -2.07370
S         21.03230        3.28320       -1.18290
O         20.95700        1.99960       -0.36970
O         21.25000        4.49470       -0.04200
H         21.47540        4.06380        0.84120
O         19.74240        3.65130       -1.85030
O         23.45060        1.65430        1.02790
H         22.68360        1.52020        0.43690
H         23.94580        2.35580        0.55730
O         24.38860        3.98350       -0.38150
H         23.87340        4.65040        0.09510
H         23.77010        3.75940       -1.11120
O         19.18540        2.36950        1.79370
H         19.73960        2.14770        1.01480
H         18.93760        3.30420        1.62340
O         17.30090        2.82030       -0.63430
H         17.66060        2.30500        0.10630
H         18.08830        2.95490       -1.20070
O         18.45480        4.98980        0.89850
H         19.28850        5.09600        0.40640
H         17.89190        4.50250        0.26610
O         21.81320        3.46660        2.36480
H         20.95460        3.02160        2.50860
H         22.42060        2.74210        2.08690
