24
6-D3   E[MP2/aV[DTQ]Z     -1156.259582214   -1157.015170375   -1157.266441229
O         30.20670      -26.33820       -1.24930
S         31.41330      -26.33830       -0.32770
O         32.70270      -26.10620       -1.06810
O         31.22770      -24.99630        0.65580
H         31.50570      -24.22460        0.08660
O         31.41910      -27.47360        0.64720
O         32.14520      -23.24730       -1.22380
H         31.35790      -23.30900       -1.80560
H         32.66970      -24.02810       -1.47950
O         34.26420      -28.38470        0.09790
H         33.41810      -28.43030        0.57090
H         34.08950      -27.61690       -0.47080
O         28.63210      -24.93420        2.04560
H         28.15090      -25.32420        1.28780
H         29.52770      -24.82120        1.68060
O         29.02070      -27.85850        2.26830
H         29.86530      -27.85520        1.77860
H         28.93980      -26.92390        2.53500
O         27.64340      -26.69880       -0.00300
H         28.46130      -26.64380       -0.53490
H         27.90330      -27.33810        0.68900
O         29.68210      -23.90620       -2.44610
H         29.86120      -24.81670       -2.11380
H         28.93830      -23.62030       -1.89930
