24
6-E1   E[MP2/aV[DTQ]Z     -1156.262047104   -1157.016548985   -1157.267655678
O         12.23640      -28.04630       -0.29030
S         10.85740      -27.49480       -0.05510
O          9.88560      -28.41850        0.61600
O         11.15720      -26.28350        1.09660
H         10.26700      -26.12090        1.52880
O         10.28740      -26.78850       -1.26060
O         12.51390      -23.89460        0.15450
H         12.00860      -24.60220        0.59500
H         13.21270      -24.42320       -0.28310
O          8.01340      -25.15980       -0.50750
H          8.66150      -24.46760       -0.75670
H          8.46840      -25.94280       -0.87130
O         14.26200      -25.96990       -0.76660
H         13.56040      -26.61170       -0.98310
H         14.45440      -26.23090        0.15370
O         10.30850      -23.90500       -1.63580
H         11.06890      -23.67850       -1.06120
H         10.44600      -24.86310       -1.75200
O         13.91210      -27.18770        1.88440
H         13.47660      -27.79310        1.25410
H         13.15200      -26.63480        2.12510
O          8.62820      -26.14880        2.00810
H          8.27840      -25.69670        1.20350
H          8.61320      -27.08830        1.75120
