24
6-F2   E[MP2/aV[DTQ]Z     -1156.258275165   -1157.013116431   -1157.264380397
O         29.15040      -35.30060       -0.91410
S         30.52680      -34.89180       -0.43570
O         31.63700      -35.06950       -1.41110
O         30.44730      -33.24750       -0.21910
H         29.55780      -33.08650        0.20380
O         30.82640      -35.46260        0.94920
O         29.11430      -38.15550       -1.43760
H         29.59040      -38.35010       -0.60510
H         28.98740      -37.19000       -1.37360
O         31.94590      -37.92490       -2.10680
H         32.02740      -36.95860       -2.00740
H         30.97890      -38.04300       -2.18040
O         27.85890      -33.24150        0.66480
H         27.93640      -33.92790        1.36390
H         27.78170      -33.80250       -0.12710
O         28.31560      -35.57290        2.21840
H         27.95770      -36.21340        1.58690
H         29.25650      -35.53340        1.93780
O         31.11370      -38.34370        0.63950
H         31.08670      -37.40010        0.88790
H         31.66370      -38.32230       -0.16840
O         32.56190      -33.24650        1.99610
H         32.09190      -32.82360        1.26160
H         32.21700      -34.15140        1.91640
