30
10-C3
O         -0.75262       -0.10860       -1.95067
H         -1.70028       -0.02016       -1.71845
H         -0.32037        0.53538       -1.34195
O          0.10256        1.60647        0.10876
H          1.00936        1.99517       -0.01407
H          0.17143        0.97899        0.86313
O         -3.25100        0.16443       -0.59702
H         -4.14172        0.22716       -0.97491
H         -3.05209        1.06576       -0.22308
O         -0.16181       -2.53145       -1.00924
H         -0.32690       -1.64193       -1.44389
H         -0.19631       -3.18633       -1.72353
O          0.01987       -0.40556        2.04861
H         -0.04453       -0.38695        3.01588
H         -0.77113       -0.93593        1.73140
O         -2.42734        2.58016        0.31170
H         -2.55141        2.77733        1.25255
H         -1.45461        2.41471        0.21496
O          3.86078       -0.04414       -0.34927
H          3.22947       -0.72148        0.01242
H          4.09233       -0.36842       -1.23220
O          2.05407       -1.84172        0.63746
H          1.41747       -2.21935       -0.00495
H          1.47235       -1.37376        1.27088
O          2.66630        2.40398       -0.27892
H          3.13461        2.86179        0.43509
H          3.13363        1.53189       -0.36263
O         -1.99317       -1.82616        1.00673
H         -1.47815       -2.30244        0.31906
H         -2.56429       -1.21077        0.49922
