30
10-DP11
O         -2.68008       -0.82836        0.95071
H         -1.97316       -0.61105        1.59654
H         -2.96162        0.03967        0.57622
O         -1.28816       -2.10674       -0.90420
H         -1.82200       -2.83732       -1.25341
H         -1.87241       -1.64659       -0.22151
O          3.39286        1.17025        0.56583
H          3.86658        1.80180        0.00408
H          3.20476        0.40116       -0.01798
O         -0.55247        2.07662       -1.08182
H         -0.03853        2.04128       -0.20940
H         -0.39882        2.97123       -1.42447
O          2.53229       -0.94294       -1.03825
H          1.73168       -0.67713       -1.58683
H          3.08033       -1.48954       -1.62267
O          0.78717        1.98515        1.18173
H          0.43067        1.24127        1.71610
H          1.73434        1.75873        1.03079
O          0.31129       -0.29228       -2.35103
H         -0.34608       -0.92337       -1.98188
H          0.01732        0.58819       -2.02732
O          0.89687       -2.27630        0.86782
H          0.16029       -2.44623        0.24071
H          1.59596       -1.88886        0.29792
O         -0.25675       -0.35821        2.34959
H         -0.13847       -0.56895        3.28887
H          0.23170       -1.07800        1.85096
O         -3.21017        1.58602       -0.34763
H         -2.29305        1.82108       -0.62055
H         -3.67236        1.39694       -1.17811
