30
10-OB10
O         -1.14053        0.49953        2.26406
H         -1.31178        0.50608        3.21854
H         -1.25527       -0.45965        1.98097
O         -0.49527        1.94852       -1.41908
H         -0.25194        2.54120       -2.14743
H         -0.48054        1.01594       -1.80356
O          3.74923        1.15525        0.18322
H          2.83761        1.33718        0.50334
H          4.33667        1.53599        0.85208
O          1.04990        1.40293        0.80580
H          0.56335        1.76243        0.02567
H          0.36325        1.25737        1.49545
O         -2.79067        1.43084        0.14228
H         -2.32926        1.26346        0.99198
H         -2.10278        1.83199       -0.43074
O         -0.51154       -0.58559       -2.19551
H         -1.40810       -0.88773       -1.93633
H          0.07667       -0.98863       -1.51293
O          3.59580       -1.54844       -0.47915
H          3.78282       -0.59238       -0.32337
H          4.14243       -2.01617        0.16956
O         -2.95719       -1.05979       -0.86208
H         -3.00552       -0.12304       -0.51430
H         -3.84390       -1.26952       -1.19350
O         -1.45305       -1.99625        1.34997
H         -0.57833       -2.07065        0.90754
H         -2.08826       -1.88576        0.60966
O          0.91654       -1.34015        0.06658
H          0.99543       -0.40897        0.37722
H          1.85167       -1.60390       -0.11855
