30
10-OB1
O          0.91704       -1.20451        2.05110
H          0.89196       -1.49618        2.97585
H          0.88027       -0.19810        2.07857
O          1.01932       -1.46837       -1.86968
H          1.07440       -1.87727       -2.74752
H          0.99339       -0.47393       -2.03131
O         -3.76555       -1.31101        0.12519
H         -4.12160       -1.81027       -0.62509
H         -2.80093       -1.50670        0.12315
O         -0.97809       -1.50531        0.05124
H         -0.37090       -1.68152       -0.70531
H         -0.40500       -1.57300        0.85099
O          3.00626       -1.23636        0.14012
H          2.42024       -1.40035        0.90992
H          2.45543       -1.50028       -0.62798
O          0.94400        1.18335       -2.07586
H          1.69184        1.46445       -1.50574
H          0.14719        1.41293       -1.54324
O         -3.81638        1.45862       -0.13941
H         -4.17822        1.79575        0.69430
H         -3.91692        0.47846       -0.07287
O          2.89088        1.44746       -0.03789
H          3.04004        0.46035        0.03096
H          3.77276        1.85059       -0.04396
O          0.82269        1.45196        1.89208
H          0.06643        1.59329        1.27574
H          1.60902        1.65787        1.34195
O         -1.05924        1.30055       -0.14998
H         -1.08271        0.31678       -0.08799
H         -2.01416        1.55596       -0.18573
