12
4-Ci
H          2.35899       -0.78745        0.70156
O          1.88111       -0.52268       -0.09882
H          1.10855        1.06510        0.06723
H          1.09359       -1.12125       -0.13464
O          0.53030        1.86797        0.10341
H          0.77412        2.37588       -0.68505
H         -1.09365        1.12136        0.13471
O         -1.88117        0.52279        0.09891
H         -2.35907        0.78757       -0.70145
H         -1.10861       -1.06500       -0.06717
O         -0.53037       -1.86787       -0.10334
H         -0.77419       -2.37578        0.68512
