18
6-Cage
H          0.08131        1.34784       -0.55162
O          0.61351        1.71408        0.21853
H          0.48278        2.67485        0.19930
H          2.18694        0.83081        0.08270
H         -1.63993        0.28189       -1.20357
O          2.80812        0.06415        0.06336
H          1.61735       -1.16610       -0.34709
H          3.10508       -0.02561        0.98251
O          0.78372       -1.68675       -0.48562
H          1.06505       -2.57748       -0.74511
H         -0.30968       -0.43941       -1.52527
H         -0.18754       -1.06185        1.08974
O         -0.77305        0.41292       -1.65667
O         -0.63507       -0.43266        1.69141
H         -2.19610       -0.17009        0.82564
H         -0.21280        0.42104        1.46577
O         -2.86818        0.01142        0.12282
H         -3.42480       -0.78107        0.09630
