18
6-Prism
H          0.30954       -1.15996       -1.48612
O          1.26477       -1.25293       -1.29636
H          1.57780       -0.32806       -1.24535
H         -0.41160       -0.63661        1.53771
O         -1.39218       -0.43527        1.43764
H         -1.82150       -0.81317        2.22048
H          1.31514       -1.32699        0.56435
O          1.23040       -0.90602        1.45430
H          1.60473       -0.02118        1.26771
H         -2.27480       -1.20859       -1.70621
O         -1.57341       -0.68764       -1.28597
H         -1.67263       -0.82159       -0.31326
H         -1.34841        1.29644       -0.87074
O         -1.03990        1.88328       -0.15305
H         -1.30065        1.37354        0.64086
H          0.70369        1.66276       -0.18082
O          1.65355        1.37391       -0.17176
H          2.17296        2.18082       -0.30709
