21
7-PR1
O          1.06787       -1.28330       -1.37572
H          0.27791       -1.57300       -0.81931
H          1.15306       -1.94906       -2.07538
O          2.49959       -0.01306        0.68281
H          2.29739       -0.70908        0.02282
H          2.36350        0.79769        0.15480
O          0.17841       -0.10120        2.09939
H          1.08124       -0.07317        1.67877
H          0.33430       -0.12984        3.05597
O         -0.96928       -1.89342        0.20844
H         -0.68931       -1.43736        1.02954
H         -1.72056       -1.34438       -0.12579
O         -1.12665        1.83827        0.45089
H         -0.38918        1.89512       -0.19143
H         -0.74965        1.30171        1.17894
O         -2.78118       -0.01454       -0.69667
H         -3.64707        0.04766       -0.26606
H         -2.25956        0.74455       -0.32592
O          1.10089        1.46310       -1.31893
H          1.21090        1.94781       -2.15132
H          0.97985        0.51457       -1.56719
