27
9-S4DAh-1
O         -0.49417        1.52622        1.83073
H         -1.30189        1.59921        1.27743
H          0.22355        1.83425        1.23546
O          3.36330        0.09064        0.02380
H          2.73981        0.84428       -0.09078
H          3.77237        0.23859        0.88974
O          1.54185       -2.02941        0.06373
H          1.02481       -1.80940        0.86752
H          2.26436       -1.35952        0.03503
O          1.39371        2.06049       -0.21597
H          0.76479        1.73994       -0.93538
H          1.64744        2.95689       -0.48776
O         -0.39608        1.22483       -1.99283
H         -0.31216        0.25115       -2.10467
H         -1.23606        1.33234       -1.49588
O         -0.27421       -1.57817       -1.81779
H         -0.16044       -2.22201       -2.53410
H          0.46736       -1.76829       -1.16345
O         -2.32478       -1.44413        0.11274
H         -1.72675       -1.52141        0.88790
H         -1.74024       -1.65759       -0.64804
O         -0.27997       -1.14220        2.04734
H         -0.31363       -0.14079        2.02256
H         -0.32556       -1.38160        2.98589
O         -2.50685        1.21050       -0.11717
H         -3.42864        1.50278       -0.18970
H         -2.54150        0.21095       -0.02839
