27
9-S4DAnh-2
O          2.51610        1.21285        0.01607
H          1.86542        1.37331        0.76250
H          3.28325        1.77521        0.20428
O          0.47140        1.32554       -1.92503
H          1.31165        1.39150       -1.42168
H          0.36751        0.36085       -2.08447
O          2.22392       -1.59247        0.00823
H          1.65084       -1.63100        0.80549
H          2.55518       -0.66825        0.00965
O          0.60413        1.47958        1.87025
H          0.39907        0.53770        2.06334
H         -0.15260        1.78975        1.32791
O         -1.33547        2.08826       -0.12069
H         -1.56432        3.00386       -0.34691
H         -0.69889        1.79679       -0.84432
O          0.32781       -1.49339       -1.88228
H          1.08338       -1.60419       -1.23154
H          0.53841       -2.07390       -2.63036
O          0.18387       -1.30728        1.94339
H          0.05612       -1.88039        2.71524
H         -0.55043       -1.55575        1.30042
O         -1.62531       -1.97671        0.11593
H         -1.09162       -1.92527       -0.70564
H         -2.32248       -1.28761        0.00886
O         -3.38541        0.18451       -0.09437
H         -3.85221        0.31461        0.74498
H         -2.72659        0.91579       -0.12986
