30
10-C1
O          0.75814        0.12575       -1.98000
H          0.41270       -0.78755       -1.86533
H          1.70896        0.04899       -1.75919
O         -0.07522       -2.41677       -1.12261
H         -0.88377       -2.24690       -0.54577
H         -0.27864       -3.22263       -1.62224
O         -2.49643        2.55071       -0.28647
H         -2.42595        2.87699       -1.19685
H         -1.57225        2.29903       -0.04474
O          2.58136        2.41420        0.60631
H          2.95950        1.57318        0.25629
H          2.87386        3.09417       -0.01986
O         -3.78281        0.09795       -0.31470
H         -4.54414        0.20634        0.27446
H         -3.34724        0.98557       -0.32369
O          0.00649        1.51237        0.22731
H          0.84713        2.00055        0.41490
H          0.20452        1.01592       -0.61759
O         -2.06453       -1.90584        0.55437
H         -2.69506       -1.22211        0.22171
H         -1.56455       -1.46272        1.27028
O         -0.15439       -0.46391        2.07669
H         -0.17629       -0.07428        2.96455
H         -0.11507        0.30553        1.44320
O          1.90752       -1.92838        0.81345
H          1.29883       -2.30472        0.13911
H          1.29574       -1.49549        1.44788
O          3.21162       -0.04285       -0.54125
H          2.76774       -0.74869        0.02237
H          4.09994       -0.38690       -0.72433
