30
10-DP7
O          2.38545       -0.44491        1.36546
H          1.53234       -0.47660        1.84835
H          2.38550        0.44802        0.95786
O         -2.21276       -1.94339        1.48631
H         -1.86824       -2.84589        1.55788
H         -1.52914       -1.37740        1.91482
O         -2.35555       -0.93322       -1.11462
H         -2.38540       -1.34342       -0.21883
H         -1.50594       -1.22807       -1.50450
O          2.27820       -2.23514       -0.65278
H          2.37865       -1.57837        0.09286
H          2.25989       -3.10090       -0.21876
O          0.24821       -1.38325       -2.18895
H          0.38762       -1.78428       -3.06101
H          0.97208       -1.75575       -1.61010
O         -0.22542       -0.28305        2.53824
H         -0.25163       -0.14430        3.49874
H         -0.41956        0.62641        2.14836
O          0.55516        1.44400       -2.13392
H         -0.36307        1.67225       -1.87009
H          0.52624        0.46824       -2.24475
O         -1.97484        1.68674       -0.91364
H         -2.76920        2.14205       -1.23320
H         -2.18906        0.70413       -0.96164
O          1.86641        2.04160        0.11504
H          2.49673        2.75394       -0.07389
H          1.45102        1.80829       -0.76846
O         -0.59041        2.13002        1.49105
H          0.28989        2.30448        1.09170
H         -1.19443        2.07181        0.71708
