30
10-DP6
O         -0.32518        0.56756       -2.28088
H          0.24589        1.24853       -1.86083
H          0.10434       -0.29001       -2.06448
O         -3.19793       -1.50223        0.48318
H         -3.58413       -1.16783        1.30692
H         -3.08249       -0.70164       -0.07919
O          0.79936       -1.86686       -1.38809
H          0.26527       -2.04603       -0.55098
H          0.65748       -2.63965       -1.95748
O          0.14874        0.10534        2.24845
H          0.04887        0.23183        3.20501
H         -0.39158        0.83886        1.82796
O          3.34039       -1.35072       -0.34978
H          2.49609       -1.58693       -0.79879
H          3.50774       -2.08471        0.26073
O         -1.14274        2.12027        1.03757
H         -0.41392        2.45515        0.46931
H         -1.79801        1.77324        0.39445
O          2.55578        0.96581        0.99340
H          1.84262        0.60365        1.56111
H          2.93743        0.17899        0.53704
O         -0.53875       -2.25915        0.86264
H         -1.50687       -2.12339        0.73309
H         -0.27514       -1.51591        1.44799
O          1.06864        2.40925       -0.66661
H          1.70287        1.88671       -0.08464
H          1.56198        3.19479       -0.94954
O         -2.61874        0.79760       -0.97605
H         -1.77724        0.66238       -1.51517
H         -3.25800        1.18712       -1.59316
