30
10-DP9
O          0.26286        0.04969        2.29155
H          0.18459        0.14865        3.25359
H         -0.22679        0.83753        1.90748
O          2.74130        0.61384        0.99684
H          2.39211        1.31486        0.40580
H          1.97098        0.38999        1.56237
O          0.60945       -1.87049       -1.40070
H          1.55387       -1.80469       -1.07252
H          0.63054       -2.54999       -2.09285
O         -0.92409       -2.17420        0.99067
H         -0.41296       -2.15793        0.15373
H         -0.50470       -1.47651        1.54061
O          3.11146       -1.60517       -0.48472
H          3.06518       -0.75689        0.04208
H          3.38290       -2.27498        0.16164
O          1.25680        2.37021       -0.66617
H          0.80304        1.76485       -1.32419
H          1.59867        3.11422       -1.18555
O         -2.57453        1.02775       -0.83746
H         -3.35875        1.52453       -1.11768
H         -2.92110        0.17465       -0.44789
O         -3.37024       -1.26108        0.31620
H         -3.75132       -1.95710       -0.24014
H         -2.50386       -1.64169        0.63729
O         -0.13047        0.72843       -2.26243
H         -1.04001        0.81568       -1.90568
H          0.13344       -0.19249       -2.04352
O         -0.89158        2.17150        1.14234
H         -0.15521        2.47502        0.56828
H         -1.56827        1.84844        0.50810
