30
10-DP10
O         -0.27083        0.03781        2.29411
H          0.22094        0.82657        1.91450
H         -0.19679        0.13384        3.25677
O         -3.10652       -1.60652       -0.49212
H         -3.35509       -2.28346        0.15598
H         -3.06480       -0.75972        0.03730
O          3.35935       -1.27152        0.31689
H          2.49137       -1.65192        0.63414
H          3.74009       -1.96520       -0.24260
O         -2.74215        0.61191        0.99265
H         -1.97409        0.38476        1.55996
H         -2.38895        1.31330        0.40437
O          2.57818        1.02853       -0.82320
H          2.91675        0.16919       -0.44016
H          3.36780        1.52417       -1.08997
O          0.91057       -2.18080        0.98291
H          0.49407       -1.48479        1.53733
H          0.40126       -2.15560        0.14507
O          0.89006        2.16271        1.15733
H          0.15661        2.47090        0.58202
H          1.56822        1.84155        0.52354
O          0.14345        0.74741       -2.26710
H          1.05144        0.83256       -1.90591
H         -0.12146       -0.17452       -2.05394
O         -0.60476       -1.85333       -1.41654
H         -0.62316       -2.53270       -2.10892
H         -1.55141       -1.78378       -1.09585
O         -1.25050        2.37373       -0.65968
H         -0.79424        1.77456       -1.32162
H         -1.59322        3.12084       -1.17402
