30
10-OB9
O          0.91426       -1.46904       -0.07333
H          0.32794       -1.56603       -0.87147
H          0.31657       -1.65581        0.70159
O         -2.97413       -1.25621       -0.08518
H         -3.88937       -1.57627       -0.10031
H         -3.03520       -0.26011       -0.01650
O          1.02321        1.22821        0.04943
H          1.99006        1.45264        0.07223
H          1.01606        0.22881        0.01093
O         -2.86841        1.42710        0.09747
H         -2.28761        1.63843       -0.66418
H         -2.28765        1.55153        0.87811
O         -0.83651        1.55144       -1.88864
H         -0.65882        2.23147       -2.55646
H         -0.06204        1.56195       -1.26562
O          3.66923       -1.41188        0.06862
H          4.04551       -1.96615       -0.63075
H          2.69835       -1.58691        0.03872
O         -0.94283       -1.33394       -2.07207
H         -1.74595       -1.46257       -1.52326
H         -0.93540       -0.37008       -2.24142
O          3.75561        1.35038        0.08406
H          3.86657        0.36737        0.11953
H          4.18414        1.61479       -0.74397
O         -0.96070       -1.56289        1.89794
H         -0.93769       -0.62325        2.17157
H         -1.76182       -1.61956        1.33482
O         -0.80690        1.32271        2.05128
H         -0.03980        1.40714        1.42587
H         -0.58642        1.86562        2.82390
