30
10-OB2
O         -2.93021       -1.30810       -0.18838
H         -3.13887       -0.35300       -0.08735
H         -2.41768       -1.52077        0.62145
O          1.04877        1.29445        0.13616
H          1.07292        0.31111        0.06440
H          2.00386        1.55123        0.15327
O          0.97850       -1.50867       -0.05985
H          0.38360       -1.68663        0.70593
H          0.39425       -1.58300       -0.85096
O         -2.83519        1.49089        0.04834
H         -3.50044        2.18163       -0.09600
H         -2.16377        1.59909       -0.69034
O         -1.00303       -1.47845        1.88080
H         -0.97098       -0.48464        2.04913
H         -1.06292       -1.89208        2.75611
O         -0.91681        1.57947       -1.81413
H         -0.89600        0.65183       -2.12950
H         -0.11808        1.64790       -1.24043
O         -0.91578        1.16712        2.10302
H         -1.66948        1.44630        1.53914
H         -0.12505        1.39654        1.56129
O          3.80509        1.46352        0.07891
H          4.15414        1.79745       -0.76152
H          3.91012        0.48345        0.01731
O          3.76592       -1.30775       -0.16116
H          2.80188       -1.50576       -0.15300
H          4.12522       -1.79388        0.59619
O         -0.97707       -1.27367       -2.01180
H         -1.17950       -1.85844       -2.75879
H         -1.76458       -1.33872       -1.39155
