30
10-OB11
O          3.73533       -1.41001       -0.01843
H          4.18844       -1.61733        0.81271
H          3.80622       -0.43047       -0.10410
O         -0.36621       -1.06229       -2.17684
H         -1.27500       -1.25697       -1.86406
H         -0.34766       -0.08453       -2.22465
O         -1.38792        0.93696        2.18393
H         -1.40873       -0.06054        2.05272
H         -1.66364        1.08528        3.10199
O         -1.38191       -1.67718        1.63043
H         -0.49096       -1.82864        1.24330
H         -1.98408       -1.73575        0.85675
O         -0.42791        1.75418       -1.59828
H         -0.01622        2.47674       -2.09734
H          0.13074        1.63332       -0.78363
O          0.97972       -1.45411        0.15188
H          0.59849       -1.43161       -0.76802
H          1.94567       -1.64607        0.06377
O          3.57499        1.39135       -0.06124
H          2.67416        1.50018        0.31885
H          4.15137        1.96045        0.46947
O          0.92590        1.18267        0.68825
H          0.25689        1.29892        1.40130
H          0.95794        0.19186        0.54866
O         -2.82380       -1.23468       -0.75706
H         -3.69261       -1.54958       -1.05077
H         -2.93417       -0.25624       -0.57779
O         -2.86360        1.40016       -0.20684
H         -2.47832        1.41463        0.69559
H         -2.13535        1.72005       -0.78118
