30
10-OB5
O         -0.98039       -1.46426       -1.87322
H         -0.97181       -1.87367       -2.75262
H         -0.94578       -0.46971       -2.03343
O         -0.97211       -1.20643        2.05071
H         -1.01264       -1.49451        2.97594
H         -0.93027       -0.20013        2.07766
O          3.75583       -1.31747       -0.04040
H          2.79225       -1.51220       -0.00911
H          4.14384       -1.85081        0.66861
O          0.97026       -1.51558        0.09280
H          0.38139       -1.58607        0.87984
H          0.37672       -1.67834       -0.67815
O         -3.01409       -1.22933        0.08166
H         -2.45386       -1.49645       -0.67858
H         -2.43975       -1.39484        0.85979
O         -0.86432        1.45018        1.90085
H         -1.63682        1.65810        1.33172
H         -0.09289        1.59434        1.30426
O          3.82512        1.47226       -0.12743
H          3.94872        0.49366       -0.13542
H          4.19015        1.75935        0.72315
O         -2.88519        1.45519       -0.07651
H         -3.03837        0.46792       -0.02047
H         -3.76557        1.86073       -0.10270
O         -0.88953        1.18733       -2.06948
H         -0.10546        1.40739       -1.51432
H         -1.65026        1.47136       -1.51866
O          1.06692        1.29165       -0.09062
H          1.08935        0.30830       -0.02241
H          2.02094        1.54730       -0.14199
