30
10-PP4
O         -1.39474       -1.86313       -1.40364
H         -1.81032       -0.94947       -1.39243
H         -1.93964       -2.38873       -2.00963
O          1.43367       -1.77053       -1.46810
H          1.69072       -0.83718       -1.68203
H          0.46497       -1.81663       -1.62170
O         -2.09687        0.45421        1.65664
H         -2.77526        0.45816        2.34960
H         -1.73953       -0.48324        1.63635
O         -0.05776        2.37488        1.34460
H          0.78320        1.88752        1.47460
H         -0.76352        1.74619        1.61306
O         -0.33071        2.36693       -1.31669
H         -0.22987        2.45909       -0.32240
H         -0.42330        3.27191       -1.65353
O         -1.16786       -2.04091        1.39916
H         -0.18841       -2.03348        1.46516
H         -1.33345       -2.18840        0.44177
O          2.10056        0.89964       -1.61348
H          1.28394        1.43742       -1.68615
H          2.36275        1.00857       -0.67818
O          1.65361       -1.81000        1.13855
H          2.23367       -2.54422        1.39623
H          1.60365       -1.85119        0.12259
O         -2.48965        0.56188       -1.15276
H         -1.80984        1.23870       -1.36757
H         -2.56447        0.61389       -0.17561
O          2.33434        0.83951        1.28116
H          2.15340       -0.13266        1.34835
H          3.12465        1.00388        1.81804
