12
4-Py
H          1.42013        0.25452        0.03907
O          1.52873       -0.54195        0.60383
H         -0.42463        0.13759        1.67595
H          2.47959       -0.72719        0.62870
O         -1.21580        0.43500        1.19216
H         -1.38248       -0.32360        0.58693
H         -0.38249        1.30473       -0.13690
O          0.25974        1.39821       -0.88659
H          0.31581        2.34668       -1.07760
H         -0.62077       -0.64377       -1.48032
O         -0.76226       -1.39889       -0.88241
H          0.11147       -1.48793       -0.45172
