12
4-S4
H         -0.21518       -2.44742       -0.78081
O         -0.08811       -1.94228        0.03667
H          1.29695       -0.83956       -0.04826
H         -0.83956       -1.29691        0.04820
O          1.94232       -0.08812       -0.03664
H          2.44739       -0.21524        0.78087
H          0.83960        1.29692        0.04832
O          0.08815        1.94229        0.03673
H          0.21529        2.44743       -0.78074
H         -1.29689        0.83957       -0.04829
O         -1.94227        0.08813       -0.03672
H         -2.44733        0.21521        0.78081
