18
6-Book
O          0.09762        1.52119        0.80204
H          0.94960        1.48553        0.28306
H          0.28557        2.08881        1.56548
O         -0.02428       -1.36844        0.96654
H         -0.03594       -0.40261        1.11924
H         -0.84655       -1.52755        0.44720
O         -2.41482        1.40856       -0.42943
H         -1.54324        1.55631        0.00260
H         -2.32698        1.80471       -1.30944
O         -2.43943       -1.37996       -0.46048
H         -2.52327       -0.39894       -0.51901
H         -3.16952       -1.65023        0.11690
O          2.44793        1.20120       -0.47876
H          2.51302        0.20738       -0.46247
H          2.48543        1.42875       -1.42037
O          2.28498       -1.50041       -0.44061
H          1.40458       -1.57084        0.02161
H          2.89807       -1.98360        0.13395
