21
7-BI1
O         -0.01052        0.41538        0.10362
H         -0.47114       -0.28095       -0.43381
H          0.53710       -0.09626        0.75581
O         -3.83307       -0.37313       -0.27017
H         -4.29812       -0.90973        0.38978
H         -3.40323        0.34760        0.25595
O         -2.34824        1.45320        1.15371
H         -1.44783        1.14458        0.88135
H         -2.40153        2.36662        0.83424
O          2.14137        1.36557       -1.34869
H          1.30488        1.07885       -0.90279
H          2.24583        2.29448       -1.09301
O         -1.50028       -1.47825       -1.21086
H         -1.52376       -1.39774       -2.17661
H         -2.39985       -1.18933       -0.91283
O          3.80232       -0.44449       -0.07145
H          4.54534        0.04889        0.30723
H          3.31551        0.21272       -0.62761
O          1.73425       -1.03370        1.65115
H          2.55151       -0.87448        1.11606
H          1.55866       -1.98182        1.54762
