21
7-BI2
O         -2.39716        1.43531        1.16528
H         -1.48316        1.10754        0.97381
H         -2.40959        2.34444        0.82985
O          3.80523       -0.14697       -0.18975
H          4.10466       -0.87919       -0.74929
H          3.25610       -0.57249        0.51586
O         -0.02194        0.29687        0.32999
H          0.58094        0.82231       -0.25592
H         -0.44896       -0.37080       -0.26672
O          1.96313       -1.16622        1.58922
H          1.18824       -0.63981        1.27108
H          1.68079       -2.08917        1.50036
O          1.88115        1.49799       -1.25243
H          2.15637        2.39095       -0.99425
H          2.63616        0.92092       -0.97140
O         -1.42571       -1.51117       -1.19596
H         -2.33503       -1.22006       -0.92996
H         -1.38930       -1.34250       -2.15012
O         -3.78599       -0.39078       -0.35240
H         -3.38829        0.32949        0.19928
H         -4.29861       -0.92190        0.27592
