21
7-CH1
O         -2.14533       -1.70684       -1.04952
H         -1.71270       -1.66826       -1.91558
H         -2.53771       -0.80944       -0.93284
O          1.16039        2.35659       -0.19175
H          0.85383        2.72152       -1.03613
H          1.82252        1.65889       -0.44806
O         -2.98976        0.89755       -0.52056
H         -2.29939        1.13736        0.13930
H         -3.82242        0.90168       -0.02433
O          2.24208       -1.83511        0.37239
H          1.30112       -1.76067        0.69367
H          2.27042       -2.66983       -0.11812
O         -0.34588       -1.54628        1.11944
H         -0.96246       -1.74321        0.37834
H         -0.50452       -0.59891        1.30529
O         -0.85302        1.28932        1.23146
H         -0.85801        1.77777        2.06916
H         -0.10361        1.68666        0.70165
O          2.93959        0.43966       -0.93045
H          3.81086        0.63032       -0.55064
H          2.67749       -0.42294       -0.50984
