21
7-PR3
O         -0.96140       -1.87207        0.08802
H         -0.70382       -1.46911        0.94400
H         -1.74516       -1.33884       -0.19250
O          1.17665        1.49345       -1.26928
H          1.09369        0.55544       -1.56607
H          1.40054        2.01115       -2.05763
O          2.47909       -0.04163        0.76433
H          2.28520       -0.71526        0.07922
H          2.35479        0.78533        0.25919
O          0.10783       -0.16759        2.09509
H          0.21013       -0.23308        3.05702
H          1.03034       -0.12422        1.72369
O         -1.12468        1.82452        0.44162
H         -0.37324        1.86373       -0.18414
H         -0.77711        1.28249        1.18001
O          1.12391       -1.23920       -1.40403
H          0.30441       -1.52069       -0.88409
H          1.27275       -1.93753       -2.05976
O         -2.91165       -0.01162       -0.54376
H         -3.10132        0.20646       -1.46815
H         -2.36917        0.74721       -0.20663
