24
8-D2d
H          2.08683        0.19127        0.35102
O          1.99292        0.19370       -1.33411
H          1.34893        0.90953       -1.52643
H          1.49217       -0.62675       -1.53468
O         -0.19266        1.98187       -1.34830
O          0.17814       -1.96967       -1.36583
O          1.98461        0.17621        1.34839
H         -1.50853        0.64038       -1.51532
H         -0.19680        2.08483       -0.35090
H         -0.27871        2.87827       -1.70814
H          0.26058       -2.86284       -1.73440
H         -1.36479       -0.89588       -1.52121
H          0.19285       -2.08143       -0.36946
H          2.88139        0.25685        1.70853
H          0.90765       -1.36346        1.51535
H          0.64511        1.49222        1.52668
O          0.19132       -2.00491        1.31651
H         -2.08280       -0.19457        0.36934
H         -0.89140        1.34969        1.53478
O         -0.17725        1.99302        1.33420
H         -0.62893       -1.50550        1.52121
O         -1.97009       -0.18841        1.36569
O         -2.00705       -0.18188       -1.31665
H         -2.86307       -0.27205        1.73447
