27
9-S4DDh-2
O         -3.32533        0.17427       -0.02722
H         -2.78613       -0.66659       -0.05273
H         -3.85080        0.14945       -0.84138
O          0.27407       -1.63017        1.79759
H          0.29034       -2.04115        2.67581
H          0.26988       -0.64102        1.96316
O         -1.69420       -1.96345       -0.22040
H         -1.07545       -1.74502       -0.94971
H         -1.11287       -1.98474        0.56988
O          0.40902        1.03010        2.07890
H          1.23757        1.22755        1.59148
H         -0.29065        1.43843        1.52330
O          0.35103       -1.12599       -2.03142
H          0.54486       -1.62718       -2.83924
H          1.10624       -1.33375       -1.40285
O          2.25873       -1.53901       -0.20023
H          2.57691       -0.62589       -0.03036
H          1.70241       -1.74286        0.58359
O          0.65557        1.66652       -1.70848
H         -0.13293        1.89934       -1.17182
H          0.48440        0.74656       -2.00797
O         -1.43139        2.05954        0.17268
H         -2.17196        1.39365        0.07465
H         -1.86671        2.90301        0.37185
O          2.49652        1.24432        0.18882
H          1.87407        1.47076       -0.56461
H          3.24877        1.85043        0.10514
