27
9-S4DAnh-1
O          3.35498        0.22379       -0.09975
H          2.69984        0.95637       -0.15721
H          3.81252        0.36488        0.74269
O          1.64572       -1.98362       -0.02902
H          2.32930       -1.27467       -0.07632
H          1.15846       -1.80573        0.80312
O         -2.17415       -1.60008        0.28153
H         -2.52144       -0.68755        0.17650
H         -1.66643       -1.75181       -0.54615
O          1.29687        2.11090       -0.17687
H          1.47778        3.06375       -0.15233
H          0.69185        1.93329        0.60661
O         -0.17714       -1.21984        2.02005
H         -0.96136       -1.42037        1.42479
H         -0.33554       -1.72611        2.83240
O         -2.51792        1.17714       -0.04620
H         -1.89621        1.23893       -0.83271
H         -3.30426        1.69117       -0.28655
O         -0.28740       -1.57827       -1.81102
H          0.49423       -1.74448       -1.19909
H         -0.17956       -2.20293       -2.54502
O         -0.42305        1.58468        1.79418
H         -1.28004        1.57811        1.31452
H         -0.29048        0.64255        2.04319
O         -0.69552        1.20177       -1.99702
H          0.08877        1.56881       -1.53506
H         -0.49655        0.24412       -2.10032
