20
S2W2-I_d E[RI-MP2/aV[DTQ]Z//MP2/6-31+G*] -1550.7219 -1,551.5675 -1,551.8465
S          2.42796       -0.23534       -0.35890
O          2.82282        1.27539       -0.09204
O          1.14686       -0.23579       -1.09991
O          2.11959       -0.82646        1.10425
O          3.59039       -0.91601       -0.86984
H          1.99628        1.79643        0.17710
H          1.15670       -0.70449        1.31875
S         -1.69057       -0.53809        0.50394
O         -1.74623        0.95752       -0.09613
O         -0.62951       -0.47719        1.50946
O         -1.22331       -1.41162       -0.74178
O         -3.03036       -0.98216        0.83736
H         -2.58877        1.04322       -0.65274
H         -0.29008       -1.12903       -0.99051
O          0.58526        2.50563        0.67678
H          0.45289        2.56330        1.63919
H         -0.22695        2.08474        0.32608
O         -4.08781        0.85647       -1.35214
H         -4.52373        0.13886       -0.85377
H         -4.15625        0.61560       -2.29276
