20
S2W2-I_f E[RI-MP2/aV[DTQ]Z//MP2/6-31+G*] -1550.7182 -1,551.5645 -1,551.8438
S          0.00675        2.04053       -0.43797
O         -1.40041        1.49042       -0.96454
O          1.09018        1.23596       -1.00480
O         -0.00675        1.68216        1.11554
O         -0.03891        3.47948       -0.63014
H         -1.37273        0.49077       -0.98281
H         -0.62963        2.33164        1.57025
S         -0.00675       -2.04053       -0.43797
O          0.00675       -1.68216        1.11554
O          0.03891       -3.47948       -0.63014
O          1.40041       -1.49042       -0.96454
O         -1.09018       -1.23596       -1.00480
H          0.62963       -2.33164        1.57025
H          1.37273       -0.49077       -0.98281
O         -1.62230        3.68585        1.90279
H         -2.58894        3.57535        1.91040
H         -1.42398        4.28699        1.15891
O          1.62230       -3.68585        1.90279
H          1.42398       -4.28699        1.15891
H          2.58894       -3.57535        1.91040
