20
S2W2-I_a E[RI-MP2/aV[DTQ]Z//MP2/6-31+G*] -1550.7223 -1,551.5684 -1,551.8474
S          1.09108       -0.90399       -0.22592
O          0.97650       -0.61300        1.33980
O          2.47222       -1.29662       -0.45054
O          0.79520        0.52686       -0.88265
O         -0.01072       -1.75156       -0.67271
H          0.03648       -0.31851        1.52281
H          1.57306        1.20022       -0.69464
S         -2.59438        0.32606        0.21600
O         -1.95049        1.20067       -0.96798
O         -1.59908        0.25097        1.30007
O         -2.74297       -1.13295       -0.42855
O         -3.92360        0.82336        0.45150
H         -0.96830        1.05547       -0.99192
H         -1.83897       -1.52861       -0.54162
O          4.51179        0.41289        0.67634
H          4.05048       -0.41752        0.44115
H          4.72546        0.34896        1.62269
O          2.71176        2.15843       -0.37871
H          3.09621        2.62186       -1.14330
H          3.45336        1.65257        0.05100
