20
S2W2-II_a E[RI-MP2/aV[DTQ]Z//MP2/6-31+G*] -1550.7221 -1,551.5706 -1,551.8501
S         -2.23294       -0.05402        0.01076
O         -2.06400       -1.60879       -0.29127
O         -1.38586        0.66987       -0.96055
O         -1.58823        0.14014        1.46029
O         -3.64089        0.22827        0.11545
H         -1.09345       -1.81534       -0.42483
H         -0.58934        0.07507        1.40308
S          1.59731       -0.83379       -0.03836
O          0.66639       -1.92605       -0.38832
O          2.91876       -1.52089        0.61360
O          1.12018        0.03887        1.07953
O          2.07871       -0.04361       -1.21151
H          3.25806       -2.19405       -0.01578
O          0.73060        2.16949       -1.39526
H         -0.19615        1.80745       -1.25263
H          1.03075        2.57271       -0.49868
H          1.30202        1.32208       -1.48530
O          1.48764        2.77111        0.99696
H          1.57695        1.84006        1.31024
H          2.29472        3.24946        1.25421
