20
S2W2-II_b E[RI-MP2/aV[DTQ]Z//MP2/6-31+G*] -1550.7178 -1,551.5653 -1,551.8443
S         -2.28133       -0.06653       -0.01176
O         -2.06677       -1.61550        0.32932
O         -3.69402        0.14977       -0.18181
O         -1.57939        0.11195       -1.43391
O         -1.51321        0.70629        0.98377
H         -1.09400       -1.78863        0.44801
H         -0.58155        0.07265       -1.33487
S          1.87368       -0.77237       -0.05932
O          2.13241       -0.06417        1.23078
O          0.70548       -1.92493        0.31250
O          2.99625       -1.51779       -0.61062
O          1.09988        0.10158       -0.99972
H          1.16850       -2.77459        0.47886
O          0.70608        2.08000        1.42612
H          0.97562        2.54192        0.55408
H         -0.21831        1.71539        1.28367
H          1.30209        1.23798        1.46679
O          1.37916        2.85512       -0.95618
H          1.51110        1.95375       -1.32774
H          2.13200        3.40533       -1.23333
