23
S2W3-I_c E[RI-MP2/aV[DTQ]Z//MP2/6-31+G*] -1627.0025 -1,627.9164 -1,628.2178
S          2.14274       -0.43356       -0.26808
O          1.26576        0.92539       -0.09838
O          3.50582       -0.04909       -0.59502
O          1.35739       -1.27530       -1.16839
O          2.15752       -1.04820        1.18212
H          1.90034        1.68971        0.10877
H          1.22572       -1.42637        1.43228
S         -2.60358        0.76980       -0.01300
O         -2.78620        2.16289       -0.36299
O         -1.28395        0.60681        0.93954
O         -3.61318       -0.02354        0.66369
O         -2.10413        0.04557       -1.35539
H         -0.47109        0.93970        0.47661
H         -1.91498       -0.92058       -1.17511
O         -1.13234       -2.47063       -0.87869
H         -1.44166       -3.24116       -1.38783
H         -0.22181       -2.26118       -1.18753
O         -0.22750       -1.89374        1.78453
H         -0.64138       -2.39201        1.04788
H         -0.78721       -1.09283        1.86408
O          3.18372        2.71547        0.32358
H          3.93487        2.19067       -0.01560
H          3.20736        3.56919       -0.14303
