23
S2W3-I_a E[RI-MP2/aV[DTQ]Z//MP2/6-31+G*] -1627.0036 -1,627.9177 -1,628.2192
S          2.76522       -0.23188       -0.47788
O          3.22848        1.19535        0.02890
O          1.44539       -0.06640       -1.12735
O          2.51860       -1.07011        0.87144
O          3.87149       -0.83907       -1.17307
H          2.43761        1.68285        0.43572
H          1.57752       -0.95494        1.17162
S         -1.28792       -0.55680        0.58667
O         -1.31678        1.00416        0.26011
O         -0.17810       -0.71439        1.52810
O         -0.93703       -1.22761       -0.81442
O         -2.61480       -1.03786        0.93793
H         -2.09910        1.24263       -0.38498
H         -0.01222       -0.93028       -1.07710
O          1.09277        2.33802        1.13582
H          1.03015        2.25544        2.10339
H          0.24532        1.98932        0.78714
O         -5.00715       -0.39335       -0.52873
H         -4.39031       -0.86355        0.06849
H         -5.84171       -0.29197       -0.04097
O         -3.28344        1.56715       -1.29952
H         -4.03239        0.94353       -1.10343
H         -3.10710        1.49881       -2.25420
