23
S2W3-II_c E[RI-MP2/aV[DTQ]Z//MP2/6-31+G*] -1627.0054 -1,627.9202 -1,628.2217
S         -1.94887       -0.91732        0.09886
O         -1.23400       -2.02534        0.98485
O         -3.35046       -1.24772        0.01886
O         -1.30262       -1.08746       -1.35043
O         -1.54111        0.41975        0.59871
H         -0.23551       -1.94266        0.89275
H         -0.39627       -0.64966       -1.37227
S          2.00981       -0.48083       -0.10412
O          1.39346       -1.69249        0.49001
O          3.23862       -0.99206       -1.03809
O          2.55009        0.48353        0.87284
O          1.11518        0.16551       -1.13469
H          3.87539       -1.47651       -0.46877
O          0.54976        2.68101       -0.51553
H         -0.42491        2.80657       -0.77680
H          0.54069        2.52383        0.51766
H          0.84081        1.78412       -0.88903
O          0.45237        2.01644        1.95687
H          1.26707        1.46862        2.01430
H         -0.28722        1.37292        1.94788
O         -2.02303        2.67834       -0.95683
H         -2.25152        1.91515       -0.38111
H         -2.68939        3.37190       -0.81318
