23
S2W3-II_b E[RI-MP2/aV[DTQ]Z//MP2/6-31+G*] -1627.0051 -1,627.9208 -1,628.2226
S          2.18540       -0.39907        0.15264
O          2.06568       -1.63747       -0.84627
O          3.59008       -0.15774        0.37639
O          1.54690       -0.93539        1.51590
O          1.29713        0.66793       -0.34888
H          1.09375       -1.80224       -1.02453
H          0.54787       -0.87170        1.45346
S         -1.58467       -1.01828       -0.27359
O         -0.64621       -1.91565       -0.98019
O         -2.92085       -1.89849        0.04431
O         -2.04550        0.13730       -1.09355
O         -1.14651       -0.63743        1.10397
H         -3.24659       -2.27208       -0.80307
O         -1.50429        2.62201       -0.49168
H         -1.53989        2.51535        0.52757
H         -0.55241        2.90493       -0.76246
H         -1.67659        1.68007       -0.83586
O          0.93744        3.24945       -1.06553
H          1.39894        2.40082       -0.86661
H          1.20077        3.51362       -1.96395
O         -1.55548        1.94839        2.00326
H         -1.46992        0.97172        1.87515
H         -2.31464        2.09382        2.59379
