26
S2W4-I_b E[RI-MP2/aV[DTQ]Z//MP2/6-31+G*] -1703.2817 -1,704.2622 -1,704.5857
S         -1.21879       -1.33687        0.29351
O         -1.09075       -0.23212       -0.85375
O         -2.37064       -2.15216       -0.04134
O         -1.62724       -0.51006        1.58670
O          0.10799       -1.93057        0.50959
H         -0.14673        0.10222       -0.90940
H         -0.86313        0.09100        1.85968
S          2.70675        0.03565       -0.48312
O          2.78811        0.18191        1.10285
O          1.44491        0.69041       -0.90294
O          2.56395       -1.53848       -0.70381
O          3.96017        0.42938       -1.07288
H          1.91098        0.52656        1.45994
H          1.70660       -1.84898       -0.30397
O         -4.28585       -0.09774       -1.00191
H         -3.84174       -0.90103       -0.66328
H         -4.50115       -0.29683       -1.92868
O         -2.90596        2.33436       -0.63470
H         -3.63917        2.90947       -0.35981
H         -3.30373        1.43848       -0.75774
O         -0.35073        2.87881        0.17357
H          0.22429        2.81320       -0.60992
H         -1.27541        2.69111       -0.13952
O          0.42502        1.17045        1.98990
H          0.15186        1.88938        1.31912
H          0.49806        1.61158        2.85713
