26
S2W4-I_a E[RI-MP2/aV[DTQ]Z//MP2/6-31+G*] -1703.2833 -1,704.2657 -1,704.5896
S         -2.66380       -0.81409       -0.44674
O         -2.70941       -1.32081        1.05377
O         -1.28407       -0.35899       -0.71818
O         -3.56989        0.50511       -0.45397
O         -3.30674       -1.80137       -1.27856
H         -2.11347       -0.72016        1.63038
H         -3.00811        1.27899       -0.15185
S          1.69456        0.86227       -0.39928
O          1.42782        0.11514        0.98608
O          0.78987        2.00786       -0.40457
O          1.25726       -0.21603       -1.49290
O          3.12121        1.06323       -0.60786
H          2.04081       -0.71725        1.07690
H          0.27605       -0.38920       -1.39394
O         -1.85439        2.41692        0.50445
H         -2.05233        3.37029        0.48307
H         -0.98031        2.30611        0.06221
O         -1.14858        0.34382        2.38003
H         -1.42144        1.24208        2.10097
H         -0.23744        0.24632        2.03354
O          5.09992       -0.97104       -0.20324
H          4.64835       -0.16714       -0.53269
H          5.64952       -1.30247       -0.93264
O          2.96278       -1.95492        1.18907
H          3.81908       -1.77640        0.72033
H          2.60087       -2.77335        0.80729
