26
S2W4-III_b E[RI-MP2/aV[DTQ]Z//MP2/6-31+G*] -1703.2873 -1,704.2722 -1,704.5967
S         -2.46123        0.02884       -0.23166
O         -2.10804       -1.05658       -1.17119
O         -4.05102       -0.23176        0.00156
O         -2.31680        1.41144       -0.72940
O         -1.81197       -0.13854        1.12447
H         -4.43062        0.56464        0.43105
S          2.46122        0.02881       -0.23164
O          2.10799       -1.05656       -1.17122
O          4.05099       -0.23190        0.00162
O          1.81192       -0.13857        1.12446
O          2.31692        1.41143       -0.72935
H          4.43065        0.56448        0.43109
O          0.00000       -2.61596       -0.88404
H         -0.00004       -2.62541        0.16737
H         -0.81231       -2.06349       -1.12269
H          0.81231       -2.06346       -1.12264
O          0.00011        3.00368       -0.48614
H         -0.78878        2.62063       -0.92978
H          0.78905        2.62054       -0.92963
H          0.00001        2.33923        0.82117
O         -0.00003        1.70528        1.67770
H          0.79581        1.08759        1.55950
H         -0.79586        1.08759        1.55947
O         -0.00009       -2.27552        1.63306
H         -0.77555       -1.67307        1.70776
H          0.77542       -1.67314        1.70784
