26
S2W4-III_c E[RI-MP2/aV[DTQ]Z//MP2/6-31+G*] -1703.2871 -1,704.2715 -1,704.5960
S          2.47089       -0.01661       -0.04998
O          2.54366       -1.38856       -0.58874
O          3.84517        0.26607        0.77777
O          1.43620        0.15049        1.02489
O          2.39332        1.04453       -1.09387
H          4.59959        0.19381        0.15362
S         -2.47088        0.01663        0.04993
O         -2.54369        1.38864        0.58850
O         -3.84515       -0.26622       -0.77778
O         -2.39328       -1.04437        1.09396
O         -1.43619       -0.15057       -1.02493
H         -4.59956       -0.19403       -0.15361
O          0.00154       -2.07124        1.40487
H          0.61642       -1.26849        1.41008
H          0.05702       -2.43517        0.41615
H         -0.93970       -1.69776        1.45660
O         -0.00158        2.07122       -1.40477
H          0.93969        1.69781       -1.45651
H         -0.05709        2.43513       -0.41605
H         -0.61640        1.26843       -1.41000
O         -0.06157        2.62836        1.07132
H          0.53516        1.91262        1.38543
H         -0.97117        2.33705        1.30324
O          0.06156       -2.62838       -1.07120
H         -0.53519       -1.91264       -1.38528
H          0.97115       -2.33700       -1.30305
