26
S2W4-II_d E[RI-MP2/aV[DTQ]Z//MP2/6-31+G*] -1703.2858 -1,704.2691 -1,704.5933
S          2.39628       -0.91189        0.08909
O          1.90807       -0.51028        1.55941
O          1.82390        0.07120       -0.85047
O          1.67355       -2.30565       -0.19106
O          3.81674       -1.15691        0.14797
H          0.96669       -0.16936        1.50365
H          0.68918       -2.13974       -0.28647
S         -1.46840       -0.30628        0.12432
O         -0.64485        0.37913        1.16868
O         -2.88503       -0.50755        0.85735
O         -0.97586       -1.66228       -0.23898
O         -1.70870        0.55818       -1.06997
H         -3.40591       -1.16695        0.30817
O         -0.74568        2.97496       -0.94342
H         -0.87578        3.16150        0.05259
H         -1.12794        2.03571       -1.08093
H          0.26719        2.93183       -1.13595
O         -3.72153       -2.45769       -0.83103
H         -4.08199       -2.24193       -1.70828
H         -2.79482       -2.73208       -0.98090
O          1.79162        2.75481       -1.32710
H          1.99985        1.80482       -1.14628
H          2.19384        2.97100       -2.18604
O         -1.05801        3.05947        1.64074
H         -1.85828        3.37435        2.09521
H         -1.01173        2.08253        1.77367
