26
S2W4-III_e E[RI-MP2/aV[DTQ]Z//MP2/6-31+G*] -1703.2853 -1,704.2703 -1,704.5948
S          2.45722       -0.00000       -0.19309
O          2.24632        1.24973       -0.94928
O          1.73909       -0.00003        1.14137
O          4.00735        0.00006        0.31810
O          2.24644       -1.24977       -0.94926
H          4.58702        0.00003       -0.47425
O          0.00001       -2.92689       -0.79173
H         -0.00001       -2.48465        0.57350
H          0.78738       -2.47385       -1.16999
H         -0.78738       -2.47388       -1.16999
O          0.00000       -1.97734        1.52500
H         -0.79036       -1.34954        1.48817
H          0.79039       -1.34956        1.48816
S         -2.45723       -0.00001       -0.19309
O         -2.24642       -1.24978       -0.94926
O         -1.73907       -0.00001        1.14136
O         -4.00735        0.00004        0.31812
O         -2.24636        1.24972       -0.94929
H         -4.58702        0.00005       -0.47422
O         -0.00001        2.92698       -0.79168
H          0.00002        2.48465        0.57355
H         -0.78739        2.47397       -1.16995
H          0.78736        2.47397       -1.16997
O          0.00000        1.97729        1.52501
H          0.79036        1.34949        1.48815
H         -0.79039        1.34952        1.48814
26
S2W4-III_f E[RI-MP2/aV[DTQ]Z//MP2/6-31+G*] -1703.2849 -1,704.2698 -1,704.5944
S          2.35557        0.17120       -0.32900
O          2.05221        1.52285       -0.83241
O          1.88684       -0.07268        1.07684
O          3.97350        0.07197       -0.13655
O          1.98983       -0.93056       -1.26095
H          4.39288        0.24833       -1.00649
O         -0.09452       -2.49864       -0.85633
H          0.07139       -2.60825        0.14907
H          0.66637       -1.90297       -1.15412
H         -0.97153       -1.97893       -1.00485
O          0.67963       -2.53082        1.62180
H          1.27442       -3.23878        1.92439
H          1.21409       -1.70100        1.60146
S         -2.44910       -0.02558       -0.22791
O         -2.20803       -1.07322       -1.26792
O         -1.63458       -0.26959        0.99555
O         -3.96841       -0.27047        0.31834
O         -2.40731        1.35445       -0.75435
H         -4.58987       -0.04368       -0.40662
O         -0.23825        3.03326       -0.13398
H         -0.10646        2.28446        1.12180
H         -1.03003        2.63513       -0.56542
H          0.53556        2.72946       -0.65760
O         -0.03092        1.57527        1.91402
H          0.80696        1.04794        1.72352
H         -0.76723        0.90389        1.71291
