26
S2W4-II_a E[RI-MP2/aV[DTQ]Z//MP2/6-31+G*] -1703.2903 -1,704.2730 -1,704.5969
S          2.69805       -0.34595       -0.01114
O          2.29947        0.41753        1.33500
O          4.12868       -0.51072       -0.00553
O          2.33141        0.68851       -1.17294
O          1.81309       -1.51590       -0.15957
H          1.30745        0.55041        1.37550
H          1.33653        0.74920       -1.28630
S         -0.96863        1.43873        0.01945
O         -0.39677        0.92803       -1.27121
O         -0.35999        2.93436        0.22440
O         -0.42064        0.72641        1.20832
O         -2.43997        1.54486       -0.01285
H         -0.61810        3.48546       -0.54641
O         -0.56501       -2.70594       -0.00860
H         -1.08211       -2.33104        0.81215
H          0.35645       -2.31703        0.00544
H         -1.04823       -2.28742       -0.82993
O         -3.94897       -0.76655       -0.05010
H         -3.67440        0.18001       -0.02434
H         -4.92188       -0.78224       -0.07365
O         -1.95446       -1.59388        1.83968
H         -1.52408       -0.71683        1.94674
H         -2.82055       -1.40394        1.41396
O         -1.84317       -1.48447       -1.86420
H         -2.73151       -1.29924       -1.48539
H         -1.39956       -0.60959       -1.94005
