26
S2W4-II_e E[RI-MP2/aV[DTQ]Z//MP2/6-31+G*] -1703.2875 -1,704.2695 -1,704.5932
S         -2.25006       -0.62611        0.44965
O         -1.50036       -1.61911        1.44179
O         -3.66898       -0.79590        0.64330
O         -1.87829       -1.16464       -1.00717
O         -1.63407        0.71530        0.58721
H         -0.50938       -1.54109        1.29551
H         -0.93910       -0.88516       -1.24232
S          1.67666       -0.93661       -0.48047
O          0.67225       -0.34457       -1.45018
O          1.94611       -2.44755       -1.02587
O          1.09740       -1.17183        0.85937
O          2.95205       -0.19996       -0.50418
H          2.40189       -2.38767       -1.89351
O          0.56122        2.32909       -1.26536
H          0.70173        2.35173       -0.20196
H         -0.41225        2.57785       -1.40803
H          0.65023        1.35406       -1.50026
O         -2.03331        2.70838       -1.32147
H         -2.51550        3.54018       -1.17512
H         -2.24661        2.10785       -0.57269
O          3.21514        1.36113        1.86342
H          3.36442        0.74989        1.10938
H          3.40634        0.84719        2.66609
O          0.72101        2.23199        1.22801
H          0.06632        1.53563        1.44351
H          1.60507        1.93448        1.58170
