29
III_c	-1,779.5704	-1,780.6227	-1,780.9695
S          2.61429       -0.05428       -0.17775
O          1.91892       -0.51998        1.04852
O          4.17107       -0.40653        0.15112
O          2.56251        1.41669       -0.39376
O          2.26677       -0.82511       -1.40566
H          4.71771       -0.11242       -0.60938
S         -2.51936       -0.22319       -0.00848
O         -1.74163       -0.46902       -1.25542
O         -3.81671       -1.19202       -0.22703
O         -3.01311        1.16519        0.11764
O         -1.84287       -0.71041        1.23201
H         -4.43463       -1.05017        0.52246
O          0.10798       -2.33138       -1.40031
H          0.95612       -1.78639       -1.51058
H          0.12083       -2.63461       -0.39297
H         -0.65628       -1.66547       -1.44784
O          0.52499        2.91724        0.40386
H          1.34046        2.45178        0.03697
H          0.21665        2.29831        1.18983
H         -0.19997        2.90542       -0.32873
O          0.00202        1.21050        2.22929
H         -0.78909        0.65469        2.03938
H          0.75803        0.59901        2.07719
O         -1.34794        2.80173       -1.38548
H         -2.09609        2.32689       -0.94789
H         -1.13305        2.25507       -2.16312
O          0.13490       -2.73653        1.11037
H         -0.64309       -2.18850        1.36685
H          0.90833       -2.17706        1.34642
