29
II_a	-1,779.5704	-1,780.6205	-1,780.9670
S          0.99911       -1.64547       -0.08113
O          0.05191       -2.53639       -0.99460
O          2.28468       -2.32391       -0.02938
O          0.36111       -1.74530        1.37318
O          0.92959       -0.24708       -0.52621
H         -0.84805       -2.08679       -1.04360
H         -0.44505       -1.13868        1.42261
S         -2.52989        0.00523        0.02923
O         -2.23757       -1.12054       -0.89659
O         -4.02444       -0.25822        0.62772
O         -2.55099        1.33010       -0.62759
O         -1.70928       -0.03304        1.28334
H         -4.65849       -0.23448       -0.12131
O          1.08342        2.93038       -0.24403
H          2.03488        2.55881       -0.19488
H          0.58044        2.48349       -1.03676
H          0.58514        2.67622        0.61170
O          4.40007       -0.44467        0.40476
H          3.76828       -1.17362        0.22278
H          4.77060       -0.63135        1.28379
O         -0.21221        1.76664       -2.13330
H         -1.14118        1.69861       -1.80824
H          0.12224        0.84879       -2.07061
O         -0.24173        2.24060        1.88970
H         -0.84057        2.90856        2.26635
H         -0.80350        1.44677        1.70707
O          3.54072        2.10405       -0.09498
H          3.79207        1.16080        0.09428
H          4.17329        2.42579       -0.75900
