29
II_b	-1,779.5683	-1,780.6190	-1,780.9654
S               1.806142   -0.757665   -0.224634
O               3.083979   -1.120161   -1.120063
O               1.135825   -2.041799    0.007928
O               0.950129    0.179098   -1.075869
O               2.306762   -0.024788    0.972716
H               3.768455   -0.398437   -1.000986
H               0.702934    1.631736   -0.441649
S              -2.381522   -0.171344   -0.145054
O              -3.141045   -1.498546    0.209868
O              -3.397576    0.822010   -0.488357
O              -1.578308   -0.570052   -1.464475
O              -1.397030    0.168977    0.891409
H              -2.447428   -2.208462    0.481323
H              -0.592315   -0.363499   -1.344483
O               0.489836    2.495856    0.061048
H              -0.444905    2.794765   -0.209969
H               0.467233    2.212396    1.066303
O               0.536433    1.550384    2.445706
H               1.197233    0.847606    2.242453
H              -0.311149    1.069067    2.524741
O              -1.944460    3.237183   -0.600278
H              -2.602637    2.502394   -0.590591
H              -2.113779    3.753861   -1.406545
O               4.732934    0.863345   -0.265822
H               4.830248    1.763296   -0.620248
H               4.185791    0.937596    0.541698
O              -1.250563   -3.178216    0.880150
H              -0.384036   -2.750466    0.680221
H              -1.232045   -4.025765    0.402209
