14
Coordinates from ORCA-job ofinal-8575-h2so4
  S       2.163474      1.488855     -0.168947
  O       0.965310      0.970061     -0.974138
  O       3.006279      2.460775     -0.899165
  O       1.452740      2.340340      1.106477
  O       2.839672      0.367007      0.573668
  H       0.643775     -0.409889     -0.353904
  H       1.331829      3.244358      0.765603
  N       0.689699     -1.219742      0.365673
  H       1.701422     -1.192345      0.580712
  H       0.412775     -2.119106     -0.027464
  C      -0.095721     -0.831823      1.570136
  H       0.265688      0.154980      1.884489
  H       0.053438     -1.567061      2.369981
  H      -1.156381     -0.772411      1.298881
