17
Coordinates from ORCA-job ofinal-5701
  S       0.335609     -1.322951     -2.537266
  O       1.192508     -2.562923     -2.301182
  O       0.796088     -0.543466     -3.746222
  O      -1.174814     -1.890953     -2.918974
  O       0.123248     -0.520266     -1.298988
  H      -1.108534     -2.208731     -3.837471
  H       3.167616     -0.415956     -1.567816
  N       3.181372     -1.317417     -1.028370
  H       4.110509     -1.733028     -1.108714
  H       2.468852     -1.941032     -1.520508
  C       2.779123     -1.105789      0.390679
  H       2.791561     -2.069365      0.913941
  H       1.760641     -0.700954      0.375758
  H       3.475074     -0.406231      0.870075
  O       2.908578      0.862776     -2.700189
  H       2.143376      0.470385     -3.190469
  H       2.568193      1.709903     -2.383285
