17
Coordinates from ORCA-job ofinal-4251
  S       2.964670      1.003289     -0.585623
  O       2.884193      0.402445      0.804138
  O       2.019911      2.160246     -0.814010
  O       4.484846      1.669702     -0.573243
  O       2.908704     -0.032083     -1.667960
  H       4.479681      2.330311     -1.289167
  H       0.145262     -1.349480      1.117538
  N       0.756485     -1.151822      0.323867
  H       1.601544     -0.596305      0.657204
  H       0.254165     -0.506087     -0.336522
  C       1.201499     -2.393666     -0.368762
  H       1.880518     -2.083497     -1.171338
  H       0.328830     -2.922246     -0.771970
  H       1.732830     -3.032651      0.346667
  O      -0.318199      0.802624     -1.303783
  H       0.454991      1.413265     -1.203462
  H      -0.376930      0.664954     -2.258572
