17
Coordinates from ORCA-job ofinal-3601
  S      -0.322380     -0.485549      0.750235
  O       1.099603     -1.009042      0.601287
  O      -0.985906     -0.248740     -0.584207
  O      -1.192752     -1.703104      1.465396
  O      -0.409279      0.644534      1.726317
  H      -1.418167     -2.316148      0.742657
  H       1.926190      0.434897      0.714287
  N       2.092033      1.481206      0.743885
  H       1.615540      1.783297      1.599330
  H       1.529404      1.848017     -0.059678
  C       3.521469      1.864840      0.677234
  H       3.615128      2.957278      0.708154
  H       3.939125      1.485392     -0.262884
  H       4.056797      1.420202      1.524661
  O       0.448989      1.955931     -1.432988
  H      -0.140333      1.179825     -1.261792
  H      -0.161462      2.693166     -1.561896
