17
Coordinates from ORCA-job ofinal-4401
  S       0.966245      1.837816      0.979156
  O      -0.147505      1.630574     -0.019573
  O       1.808234      0.569625      1.113954
  O       1.954022      2.921058      0.163816
  O       0.618011      2.474639      2.270069
  H       2.423479      3.406951      0.864847
  H       0.753325     -0.531718     -1.575975
  N       0.920247     -1.089201     -0.714581
  H       1.363128     -0.419836      0.006081
  H       1.575575     -1.843648     -0.922732
  C      -0.366507     -1.598675     -0.164211
  H      -0.163757     -2.145968      0.764074
  H      -0.853240     -2.255182     -0.895918
  H      -0.991042     -0.723502      0.048030
  O       0.463648      0.910275     -2.543134
  H       0.220353      1.431449     -1.742410
  H      -0.027214      1.296344     -3.277490
