17
Coordinates from ORCA-job ofinal-8700
  S      -0.022034     -0.379498      0.909138
  O      -0.356874      0.598631     -0.193474
  O       0.792370      0.200223      2.039173
  O      -1.513920     -0.703726      1.559714
  O       0.537615     -1.673843      0.379399
  H      -1.332364     -1.077108      2.441064
  H       2.515029      0.200124     -0.839122
  N       1.852539     -0.186717     -1.549871
  H       0.930563      0.258819     -1.311116
  H       1.695078     -1.168557     -1.282550
  C       2.292810      0.008103     -2.950042
  H       1.543809     -0.418746     -3.627607
  H       3.259195     -0.487290     -3.103363
  H       2.393751      1.082717     -3.143879
  O       3.176352      0.689190      0.719006
  H       2.405848      0.528120      1.318150
  H       3.483233      1.573558      0.955385
