17
Coordinates from ORCA-job ofinal-7900
  S       0.446696      1.666417      1.027580
  O      -0.312915      2.457006     -0.009626
  O       1.937457      1.742865      0.937733
  O       0.088937      2.387960      2.477764
  O      -0.047706      0.229849      1.133550
  H      -0.843173      2.661248      2.404451
  H       1.558639      0.083970     -1.347987
  N       1.815912     -0.608421     -0.605462
  H       1.046256     -0.498786      0.115854
  H       2.655347     -0.251228     -0.140332
  C       1.952236     -1.987917     -1.128701
  H       2.764691     -2.028225     -1.864504
  H       1.007098     -2.270552     -1.607286
  H       2.165256     -2.672258     -0.298812
  O       0.653450      1.241772     -2.302931
  H       0.189622      1.726101     -1.575772
  H       1.101197      1.941198     -2.796518
