17
Coordinates from ORCA-job ofinal-5501
  S       0.014386      0.370867     -2.149782
  O       1.168667      0.648000     -1.209490
  O      -0.295105     -1.118279     -2.196289
  O      -1.327522      0.967605     -1.332002
  O       0.045248      1.070440     -3.455270
  H      -1.516020      1.820014     -1.762460
  H       0.472251     -1.816084     -1.038890
  N       0.979280     -2.180105     -0.161379
  H       1.975230     -1.899630     -0.263224
  H       0.915988     -3.198444     -0.130239
  C       0.365799     -1.541007      1.036734
  H       0.888687     -1.867331      1.944074
  H      -0.693361     -1.820894      1.083759
  H       0.457317     -0.457147      0.902511
  O       3.317837     -0.929972     -0.871955
  H       4.151614     -0.508944     -0.633080
  H       2.706704     -0.202089     -1.135019
