17
Coordinates from ORCA-job ofinal-5251
  S      -0.573957     -1.244149     -1.515815
  O      -1.659584     -0.665926     -0.677377
  O       0.741550     -1.398565     -0.755575
  O      -1.082447     -2.789728     -1.840080
  O      -0.369740     -0.598519     -2.866036
  H      -0.546579     -3.084751     -2.597961
  H       0.732471      1.587860     -0.632278
  N       0.925109      1.059629      0.250065
  H       1.857603      1.307897      0.583541
  H       0.924887      0.032598     -0.050429
  C      -0.123705      1.315523      1.278515
  H       0.111914      0.735159      2.178541
  H      -1.076304      0.975996      0.856928
  H      -0.153081      2.386699      1.512544
  O       0.159754      2.012016     -2.215648
  H       0.562180      2.497536     -2.945577
  H      -0.078069      1.126722     -2.589361
