17
Coordinates from ORCA-job ofinal-2300
  S       0.001328      0.743382     -0.253975
  O       1.223285      1.610551     -0.545946
  O      -0.032473      0.275651      1.181035
  O      -1.309431      1.747518     -0.419353
  O      -0.206473     -0.312279     -1.284705
  H      -1.364450      2.239521      0.419376
  H       2.679548     -0.972719     -0.304117
  N       2.927131     -0.360104     -1.114764
  H       3.908062     -0.091176     -1.023732
  H       2.318591      0.508246     -0.978683
  C       2.646968     -1.019551     -2.421347
  H       2.900341     -0.325572     -3.231702
  H       1.574961     -1.243697     -2.443679
  H       3.244690     -1.935481     -2.505020
  O       1.967691     -1.619533      1.156494
  H       2.339655     -1.753361      2.036560
  H       1.192576     -1.020394      1.292559
