17
Coordinates from ORCA-job ofinal-9951
  S      -0.305851      1.475136     -0.392968
  O      -0.701721      0.885225      0.933450
  O      -0.856811      0.775882     -1.597185
  O      -1.006776      2.973159     -0.507141
  O       1.199234      1.714692     -0.452270
  H      -0.698997      3.466695      0.274134
  H       1.100296     -0.516357      1.595670
  N       1.670842     -0.641614      0.754465
  H       1.697162      0.321507      0.310181
  H       1.103434     -1.219362      0.088624
  C       3.012401     -1.215227      1.013330
  H       3.543555     -1.297126      0.057597
  H       2.911049     -2.209552      1.465217
  H       3.567829     -0.553044      1.688247
  O       0.143975     -1.766564     -1.253747
  H      -0.288509     -0.912193     -1.503120
  H      -0.591111     -2.385256     -1.155483
