17
Coordinates from ORCA-job ofinal-3851
  S      -0.123993      0.025605     -1.634809
  O      -0.169325      1.504040     -1.519593
  O      -1.078401     -0.715511     -0.716796
  O      -0.627366     -0.270358     -3.186950
  O       1.271355     -0.591280     -1.550187
  H      -0.553658     -1.233392     -3.311939
  H       1.494816     -0.685638      0.047283
  N       1.397321     -0.756689      1.108453
  H       0.682480     -0.034477      1.377206
  H       2.288867     -0.539310      1.555534
  C       0.899311     -2.114231      1.467177
  H       0.725468     -2.169962      2.548656
  H       1.639728     -2.862613      1.160295
  H      -0.036946     -2.262781      0.916890
  O      -0.796165      0.860034      1.530469
  H      -0.727490      1.766079      1.194000
  H      -1.179000      0.382486      0.758309
