17
Coordinates from ORCA-job ofinal-6100
  S       1.708040     -1.703085      0.865153
  O       2.284434     -1.911617     -0.515274
  O       1.877163     -2.783097      1.862201
  O       2.649629     -0.406857      1.407896
  O       0.294482     -1.134458      0.776427
  H       2.660825     -0.495930      2.377178
  H       0.435933     -1.211180     -2.242042
  N       0.284262     -0.331009     -1.743382
  H       1.181043      0.196090     -1.814455
  H       0.201162     -0.602674     -0.709247
  C      -0.889427      0.423399     -2.243048
  H      -0.992767      1.337425     -1.646110
  H      -1.790047     -0.191306     -2.126381
  H      -0.747527      0.684379     -3.298979
  O       2.945807      0.428612     -1.762966
  H       3.003360     -0.384827     -1.211487
  H       3.421630      1.098135     -1.254487
