17
Coordinates from ORCA-job ofinal-4851
  S       0.188855     -1.557321      1.269006
  O       0.533249     -0.094000      1.266039
  O      -0.771256     -2.043707      2.284745
  O      -0.614004     -1.724356     -0.237451
  O       1.426387     -2.425791      1.085508
  H      -1.357360     -2.321074     -0.039981
  H       2.074419     -0.473789     -1.208196
  N       2.555996     -1.395173     -1.065073
  H       2.211440     -1.778153     -0.123586
  H       3.564732     -1.243349     -1.026685
  C       2.169032     -2.354076     -2.135174
  H       2.654573     -3.319204     -1.947988
  H       2.467887     -1.961766     -3.115110
  H       1.080545     -2.471642     -2.082151
  O       1.080307      0.924802     -1.174595
  H       0.747737      0.701355     -0.270336
  H       0.279460      0.990243     -1.710971
