20
Coordinates from ORCA-job ofinal-9201
  S       0.358608     -0.189624     -0.191237
  O      -0.360259      0.611888     -1.248943
  O      -0.415217     -0.413451      1.069861
  O       0.497185     -1.728385     -0.791477
  O       1.778124      0.299585      0.029668
  H       0.924757     -1.634805     -1.661575
  H       0.452788      2.684464      1.496835
  N       1.327722      2.832926      0.945082
  H       1.056537      3.288908      0.053444
  H       1.646300      1.870837      0.664518
  C       2.359225      3.576495      1.705414
  H       1.975691      4.569019      1.971765
  H       3.259632      3.680076      1.087872
  H       2.600721      3.017456      2.617349
  O      -0.952266      1.987740      2.279549
  H      -1.849961      2.267549      2.058665
  H      -0.882474      1.073977      1.912265
  O       0.177143      3.279319     -1.525934
  H      -0.029156      2.314222     -1.552882
  H       0.396900      3.517803     -2.434241
