23
Coordinates from ORCA-job ofinal-5851
  O       1.367140      1.518953      1.501856
  S       1.575511      1.799430      0.029755
  O       0.259004      1.938021     -0.698460
  O       2.191761      0.283286     -0.480689
  H       2.743001      0.489754     -1.256309
  O       2.619910      2.781857     -0.333890
  N      -1.451905      0.351497      0.748746
  H      -0.907919      1.048743      0.185069
  H      -1.355868      0.625856      1.748731
  H      -0.922374     -0.542711      0.633110
  C      -2.864046      0.249555      0.312191
  H      -3.353302      1.222528      0.441583
  H      -3.380231     -0.506846      0.915922
  H      -2.893107     -0.038934     -0.745504
  O       0.354854     -1.747474      0.480148
  H       1.005463     -1.261282     -0.059428
  H       0.767384     -1.719314      1.365593
  O      -0.791416      1.101006      3.395316
  H      -0.142799      1.732658      3.038557
  H      -0.214205      0.355305      3.639246
  O       1.430127     -0.771636      2.929658
  H       1.658274      0.028788      2.401790
  H       2.239740     -1.010042      3.399007
