23
Coordinates from ORCA-job ofinal-2351
  O      -0.662778      1.074295      3.476172
  S       0.700770      0.517652      3.136892
  O       1.290541     -0.399763      4.136932
  O       1.735987      1.887625      3.125382
  H       2.036680      1.980563      4.046700
  O       0.778261      0.113117      1.683133
  N      -1.466722      1.990190      1.007180
  H      -0.685893      2.679852      0.915866
  H      -1.312600      1.551311      1.944842
  H      -1.303765      1.270192      0.275407
  C      -2.800236      2.624908      0.889777
  H      -3.577511      1.861450      1.015757
  H      -2.896524      3.090800     -0.098489
  H      -2.904327      3.387278      1.671256
  O       1.831953      1.203002     -0.489147
  H       1.681650      0.763721      0.384303
  H       2.711443      0.926177     -0.775958
  O      -0.765927      0.270991     -1.141742
  H       0.183528      0.511293     -1.121942
  H      -0.766008     -0.661766     -0.885550
  O       0.864732      3.517542      0.912453
  H       1.229236      3.210230      1.763976
  H       1.369511      2.983336      0.270799
