23
Coordinates from ORCA-job ofinal-651
  O      -0.396170      2.333745      1.503396
  S       0.728419      2.713101      0.566915
  O       0.551408      3.927779     -0.259065
  O       0.650920      1.404902     -0.541332
  H       1.051114      1.748321     -1.359822
  O       2.074006      2.562710      1.238282
  N       1.522961      0.634279      3.122163
  H       0.649784      0.891580      3.626378
  H       1.803006      1.451308      2.529666
  H       1.257874     -0.103725      2.430422
  C       2.603810      0.198102      4.036643
  H       2.852206      1.018297      4.721067
  H       3.488411     -0.068018      3.445521
  H       2.266543     -0.673088      4.611388
  O      -1.904784      0.150818      1.751375
  H      -1.480226      0.985073      1.435685
  H      -2.775131      0.124970      1.333772
  O      -1.012369      1.205744      4.270847
  H      -1.120614      2.138510      4.030883
  H      -1.522312      0.752394      3.570427
  O       0.623135     -1.004189      1.054569
  H      -0.338383     -0.928540      1.203886
  H       0.768392     -0.357074      0.338933
