23
Coordinates from ORCA-job ofinal-66
  O      -0.402019      0.926409      3.049535
  S      -1.041376      2.119188      2.376838
  O      -1.726563      1.719816      1.090480
  O       0.363175      2.968802      1.872877
  H       0.072435      3.892318      1.770245
  O      -1.781164      3.073288      3.232256
  N      -0.259125     -0.518871      0.442355
  H      -0.155258     -1.075731      1.314561
  H       0.647688     -0.015687      0.315608
  H      -0.955146      0.241357      0.624606
  C      -0.615458     -1.366292     -0.718898
  H      -1.573199     -1.863557     -0.523106
  H       0.166307     -2.120076     -0.872478
  H      -0.704268     -0.735567     -1.611679
  O       0.320323     -2.143796      2.695668
  H       1.027953     -1.562307      3.042265
  H      -0.374460     -2.073665      3.365400
  O       2.053911      1.039668      0.548378
  H       1.606403      1.862429      0.822141
  H       2.404935      0.707442      1.395776
  O       2.080553      0.018744      3.244911
  H       1.247917      0.547592      3.316294
  H       2.606440      0.250495      4.020972
