26
Coordinates from ORCA-job ofinal-3801
  O      -2.093663      2.789088      2.318839
  S      -2.462161      1.362755      1.986183
  O      -1.581878      0.334610      2.641359
  O      -3.952261      1.230589      2.702626
  H      -4.205785      0.293612      2.617628
  O      -2.668700      1.125799      0.512620
  N      -0.433920      2.412367     -0.601575
  H       0.338145      2.375284      0.119182
  H      -0.847793      3.360385     -0.589074
  H      -1.199197      1.787188     -0.277731
  C       0.079529      2.000274     -1.929690
  H       0.886783      2.678534     -2.231728
  H      -0.733396      2.034652     -2.665356
  H       0.464679      0.977120     -1.845826
  O       0.408980     -0.388279      0.825771
  H       0.643736     -1.322493      0.884351
  H      -0.329711     -0.275540      1.464769
  O      -1.867674      4.652459      0.267386
  H      -2.118839      4.094653      1.034680
  H      -2.663299      5.151807      0.047779
  O       1.582823      2.117943      1.209024
  H       1.453576      1.151418      1.263281
  H       1.301829      2.450087      2.091932
  O       0.420882      3.024445      3.560774
  H      -0.509747      2.930968      3.270679
  H       0.478064      2.465278      4.346122
