26
Coordinates from ORCA-job ofinal-8701
  O      -1.967576     -0.059495     -0.961519
  S      -2.354572      1.367388     -0.735938
  O      -1.271335      2.389086     -0.967180
  O      -3.433469      1.762650     -1.939673
  H      -4.092912      1.045059     -1.945341
  O      -3.093802      1.597821      0.567994
  N      -0.188794      3.115897      1.748539
  H      -1.016410      3.629223      1.379735
  H       0.463416      2.928096      0.973677
  H      -0.545909      2.176483      2.085613
  C       0.452352      3.862783      2.858300
  H      -0.292444      4.025176      3.646382
  H       0.818484      4.829146      2.490565
  H       1.287954      3.273756      3.255288
  O       1.311487      1.957921     -0.470909
  H       0.427960      2.028304     -0.906116
  H       1.960301      2.132170     -1.164236
  O      -2.688750      4.254660      1.244659
  H      -3.020000      3.372332      0.959968
  H      -2.916492      4.838573      0.509306
  O       0.347161     -0.621650      0.641118
  H       0.929351      0.063951      0.271621
  H      -0.389884     -0.639965      0.000044
  O      -1.150015      0.702223      2.550110
  H      -0.603746      0.092872      1.999006
  H      -1.996353      0.739541      2.065988
