26
Coordinates from ORCA-job ofinal-5451
  O      -1.302251      0.602358      0.766383
  S      -2.348626      1.594110      1.175984
  O      -2.341860      2.905426      0.440587
  O      -3.748708      0.815557      0.740278
  H      -4.471898      1.444852      0.913966
  O      -2.424140      1.782749      2.681529
  N       0.643364      3.188967      2.356975
  H       0.507195      2.207785      2.683861
  H      -0.164156      3.741334      2.716249
  H       0.587894      3.223471      1.306604
  C       1.936240      3.735011      2.838889
  H       1.954416      3.711555      3.935107
  H       2.044698      4.767264      2.484944
  H       2.754624      3.122501      2.441631
  O      -1.730051      4.411013      3.259650
  H      -2.142650      5.005339      2.617934
  H      -2.179562      3.552545      3.095471
  O       0.339677      3.467156     -0.359066
  H       0.587660      2.643380     -0.829948
  H      -0.634936      3.401880     -0.321501
  O       0.075580      0.638267      3.423797
  H      -0.879624      0.851949      3.399125
  H       0.141521     -0.011554      2.707385
  O       0.672355      0.830691     -1.153976
  H      -0.109388      0.633614     -0.596946
  H       0.494623      0.399779     -1.998914
