26
Coordinates from ORCA-job ofinal-6351
  O      -2.008360      3.303901      0.916738
  S      -2.838442      2.247064      0.227988
  O      -2.002698      1.147462     -0.391222
  O      -3.616672      1.405753      1.434777
  H      -4.287486      2.014823      1.793977
  O      -3.903804      2.801993     -0.663733
  N       0.464666      2.500782     -0.765942
  H      -0.355542      1.874069     -0.851668
  H       0.662850      2.529373      0.262451
  H       0.121543      3.451656     -1.047147
  C       1.626098      2.031190     -1.556654
  H       1.910943      1.029607     -1.212098
  H       2.462536      2.725901     -1.413217
  H       1.352544      1.996683     -2.618247
  O      -0.137392     -0.164260      1.171985
  H      -0.376576     -1.005447      1.580217
  H      -0.948625      0.133805      0.709011
  O       0.530459      2.432394      2.012019
  H      -0.377638      2.788662      2.002689
  H       0.380673      1.466761      2.045248
  O      -2.698690      3.867356     -2.972611
  H      -3.337395      4.278214     -3.567826
  H      -3.240974      3.459084     -2.265235
  O      -0.796341      4.910186     -1.243926
  H      -1.446807      4.738900     -1.959169
  H      -1.329870      4.780092     -0.439398
