26
Coordinates from ORCA-job ofinal-2151
  O      -0.035774      0.916992     -0.441653
  S       1.360447      0.562992     -0.933300
  O       2.392390      1.474895     -0.326808
  O       1.586776     -0.941533     -0.160104
  H       2.099400     -1.468580     -0.798411
  O       1.497993      0.275719     -2.378762
  N       1.434933      2.245728      2.172453
  H       0.426790      2.520739      2.239932
  H       1.707613      2.155921      1.171971
  H       1.492447      1.272071      2.541789
  C       2.317490      3.193736      2.892691
  H       3.357359      2.856195      2.805759
  H       2.023829      3.230727      3.948735
  H       2.212964      4.188911      2.444078
  O       1.247814     -0.494897      2.694576
  H       0.281005     -0.561241      2.574018
  H       1.580010     -0.831977      1.843270
  O      -1.408296     -0.068496      1.686115
  H      -0.984209      0.125972      0.818287
  H      -2.113309     -0.698893      1.491205
  O      -0.648042      3.596931     -0.156463
  H      -0.420090      2.692896     -0.461534
  H      -0.961090      4.058818     -0.943655
  O      -1.293612      2.747707      2.389282
  H      -1.388361      3.169616      1.511673
  H      -1.619482      1.839054      2.251861
