26
Coordinates from ORCA-job ofinal-9651
  O       0.162142      0.801252      3.124498
  S      -0.888479      0.984365      2.094567
  O      -1.163249     -0.177897      1.170525
  O      -2.351727      1.109538      2.907907
  H      -2.132275      1.521836      3.762562
  O      -0.764863      2.288707      1.312438
  N      -1.168993      1.580005     -1.355461
  H      -2.103487      1.203012     -1.612882
  H      -0.462733      0.809028     -1.353324
  H      -1.201245      1.897574     -0.364104
  C      -0.741547      2.688305     -2.246116
  H      -0.675686      2.319236     -3.276931
  H       0.240933      3.042865     -1.911421
  H      -1.476545      3.500268     -2.189282
  O       1.757018      2.250551      0.124834
  H       0.988638      2.371798      0.722714
  H       2.527513      2.413906      0.683806
  O      -3.897927     -0.432546      0.656583
  H      -4.321283      0.024057      1.395790
  H      -2.953185     -0.454084      0.918931
  O       0.902386     -0.236291     -0.936531
  H       1.451755      0.481020     -0.559749
  H       0.464348     -0.607773     -0.150528
  O      -3.779032      0.687506     -1.798267
  H      -3.947414      0.260028     -0.921378
  H      -4.142065      0.076732     -2.451193
