26
Coordinates from ORCA-job ofinal-4501
  O      -0.230188      0.598567     -3.261106
  S      -0.533361      0.703430     -1.816109
  O      -1.299456      1.915536     -1.371952
  O      -1.613013     -0.592673     -1.502192
  H      -1.743529     -1.004296     -2.374700
  O       0.616195      0.371364     -0.877319
  N      -0.387526     -0.348283      1.627903
  H      -1.418061     -0.412151      1.468540
  H      -0.222684      0.556426      2.138302
  H       0.043001     -0.226058      0.687478
  C       0.159131     -1.521726      2.349059
  H      -0.034417     -2.429470      1.764753
  H      -0.325898     -1.601166      3.329523
  H       1.239942     -1.390740      2.481237
  O       1.901192      2.263138      0.690158
  H       1.506875      1.720057     -0.024225
  H       2.421531      2.937999      0.238094
  O      -3.083647     -0.124883      0.942202
  H      -2.932342     -0.248549     -0.011800
  H      -3.147146      0.845008      1.036919
  O      -2.379327      2.648524      1.001760
  H      -2.897380      3.452459      0.867907
  H      -1.959731      2.467071      0.126850
  O      -0.066747      2.189440      2.636207
  H       0.664999      2.446338      2.035616
  H      -0.859415      2.576640      2.217894
