26
Coordinates from ORCA-job ofinal-9251
  O       1.222740      3.369489      3.211284
  S       0.667235      2.029047      2.919276
  O       1.372108      1.287993      1.788540
  O       0.918849      1.073540      4.270544
  H       1.789207      1.340007      4.617497
  O      -0.836627      1.922055      2.782494
  N      -0.670762     -0.094396      0.474693
  H      -1.189112      0.709016      0.029986
  H      -1.252091     -0.526458      1.211762
  H       0.138385      0.335008      0.971830
  C      -0.216326     -1.053817     -0.561114
  H       0.353432     -1.862570     -0.087175
  H       0.421215     -0.514691     -1.272341
  H      -1.088809     -1.466378     -1.082121
  O      -1.960709     -0.602600      2.941064
  H      -1.597412      0.285449      3.143848
  H      -1.744903     -1.139814      3.713474
  O       1.171128      2.265518     -0.799024
  H       1.772675      2.960822     -1.093074
  H       1.391139      2.126119      0.145983
  O      -1.650805      2.076543     -0.851267
  H      -2.032278      2.726449     -0.223725
  H      -0.739742      2.400007     -0.995224
  O      -2.277016      3.767799      1.252130
  H      -1.803554      3.262893      1.942861
  H      -3.036967      4.161971      1.695798
