26
Coordinates from ORCA-job ofinal-3351
  O      -1.722373     -1.856293      3.088735
  S      -1.445335     -0.444024      2.753433
  O      -1.942816      0.053004      1.412382
  O      -2.424036      0.500186      3.781122
  H      -2.462781      0.000987      4.616575
  O      -0.044044      0.037370      3.070869
  N      -2.506100      2.774691      1.773954
  H      -1.645534      2.971971      2.335503
  H      -2.491297      1.744039      1.631772
  H      -2.394429      3.214626      0.838797
  C      -3.737432      3.217420      2.472748
  H      -3.797064      2.696011      3.434259
  H      -4.610866      2.966271      1.858726
  H      -3.692872      4.301938      2.630237
  O      -0.344346      1.378633     -0.545415
  H       0.491728      1.458582     -0.046687
  H      -0.855493      0.749045     -0.002008
  O      -1.763601      3.643135     -0.755037
  H      -1.197319      2.832543     -0.834280
  H      -2.134233      3.795648     -1.632162
  O      -0.158481      2.900034      3.264282
  H      -0.154989      1.945525      3.480340
  H       0.630244      2.972934      2.701970
  O       1.671382      1.421752      1.441840
  H       1.165420      0.767229      1.973296
  H       2.564668      1.060749      1.379751
