26
Coordinates from ORCA-job ofinal-1651
  O      -1.560745      0.518091      3.126513
  S      -2.352612      1.716586      3.594859
  O      -1.755339      2.443702      4.758289
  O      -2.222922      2.819742      2.284597
  H      -1.368158      3.289811      2.430296
  O      -3.825622      1.467336      3.633987
  N      -2.442453      0.750611      0.347997
  H      -3.007341      0.081210      0.914499
  H      -1.489393      0.373426      0.167125
  H      -2.314549      1.587382      0.947831
  C      -3.139115      1.095889     -0.915537
  H      -4.117335      1.528960     -0.675163
  H      -3.275859      0.186390     -1.512780
  H      -2.532611      1.818186     -1.474867
  O       0.237208      3.686442      3.349087
  H      -0.272463      3.354989      4.122327
  H       0.537688      4.570345      3.595184
  O       0.232097      0.294807     -0.201562
  H       0.638366      0.599888      0.652179
  H       0.767806     -0.457525     -0.480686
  O      -4.333716     -0.609396      1.872728
  H      -4.258943      0.053191      2.598683
  H      -4.161975     -1.452718      2.311799
  O       1.011831      1.062431      2.247319
  H       0.185310      0.812836      2.714649
  H       1.130851      1.991388      2.503650
