26
Coordinates from ORCA-job ofinal-201
  O       0.923905      1.018403      0.790341
  S       1.362141      0.458522      2.126037
  O       2.816013      0.258364      2.319181
  O       0.971378      1.796501      3.140244
  H       1.538706      1.677286      3.923362
  O       0.474364     -0.656612      2.605860
  N      -1.471950      2.914027      0.371938
  H      -0.511013      3.298075      0.281681
  H      -1.640749      2.701410      1.384323
  H      -1.490824      1.981657     -0.105369
  C      -2.491474      3.838334     -0.179120
  H      -3.484795      3.387237     -0.066194
  H      -2.284779      4.014181     -1.241720
  H      -2.455624      4.788395      0.367827
  O       1.239964      3.620063      0.061659
  H       1.818595      4.181080      0.593215
  H       1.436191      2.703606      0.357197
  O      -1.872469      2.078567      2.981265
  H      -0.944054      1.975577      3.266255
  H      -2.161817      1.156880      2.830144
  O      -1.429011      0.306122     -0.606445
  H      -1.880130     -0.170230      0.116676
  H      -0.493831      0.239838     -0.332628
  O      -2.156361     -0.588304      2.022694
  H      -2.591989     -1.375053      2.374467
  H      -1.196384     -0.707930      2.238109
