26
Coordinates from ORCA-job ofinal-1851
  O      -1.851018      3.672849     -0.312826
  S      -1.437319      2.771747      0.802015
  O      -0.249010      3.173388      1.615930
  O      -2.668550      2.826389      1.937116
  H      -3.515970      2.863196      1.415669
  O      -1.385036      1.297899      0.389562
  N      -0.023337      0.334210      2.633331
  H      -0.491041      0.824491      3.421068
  H       0.889198      0.807044      2.431495
  H      -0.609751      0.532242      1.793570
  C       0.145210     -1.120560      2.861339
  H      -0.836085     -1.576538      3.040705
  H       0.791729     -1.279923      3.732945
  H       0.605725     -1.560969      1.968797
  O      -1.645509      1.844559      4.382702
  H      -1.260132      2.584916      4.869909
  H      -2.106387      2.274695      3.633674
  O      -4.592568      3.208491      0.077993
  H      -3.804432      3.497850     -0.424678
  H      -4.942640      2.462703     -0.427047
  O       2.216346      1.692088      1.699222
  H       2.120134      1.251700      0.832206
  H       1.659488      2.484951      1.589179
  O       1.019088      0.213226     -0.392698
  H       1.180553      0.066411     -1.332864
  H       0.149317      0.667943     -0.350310
