29
Coordinates from ORCA-job ofinal-51
  O      16.468725     -7.728371      2.853668
  S      16.200144     -6.777888      1.711421
  O      15.638105     -7.440766      0.483263
  O      14.961544     -5.867096      2.341230
  H      14.721677     -5.226673      1.647244
  O      17.333406     -5.828354      1.442367
  N      19.818550     -8.168911      1.578178
  H      19.478254     -7.733183      2.459895
  H      19.688873     -7.486761      0.796891
  H      19.210691     -8.991667      1.333480
  C      21.235473     -8.587243      1.709463
  H      21.558148     -9.061020      0.774563
  H      21.323819     -9.303206      2.535470
  H      21.858337     -7.707676      1.913344
  O      18.895309     -7.138524      4.037778
  H      18.960014     -6.184727      4.180475
  H      17.954980     -7.270992      3.785662
  O      19.189122     -6.485518     -0.563253
  H      18.490527     -6.049577     -0.034897
  H      18.674877     -7.090559     -1.129971
  O      18.304086    -10.243884      0.625612
  H      17.923093     -9.841416     -0.177585
  H      17.523677    -10.449158      1.188590
  O      17.296732     -8.483802     -1.407095
  H      16.818583     -8.655015     -2.228139
  H      16.629757     -8.089563     -0.795459
  O      16.197489    -10.457408      2.391139
  H      16.126188     -9.498129      2.578318
  H      15.300821    -10.728910      2.159351
