29
Coordinates from ORCA-job ofinal-401
  O      16.662561     -8.024691      2.019299
  S      17.138320     -6.838808      1.244815
  O      18.081646     -7.208504      0.111116
  O      15.744982     -6.306717      0.513841
  H      15.969265     -5.451587      0.104324
  O      17.648301     -5.672743      2.045822
  N      19.309706     -9.549066      2.801065
  H      18.866279     -9.703718      1.873939
  H      18.581056     -9.258345      3.489519
  H      19.972658     -8.735059      2.724460
  C      20.027254    -10.766088      3.251681
  H      20.512579    -10.561283      4.213526
  H      20.784388    -11.033787      2.504801
  H      19.312103    -11.589767      3.366772
  O      18.458188     -9.946296      0.135468
  H      18.245742     -8.997163     -0.012987
  H      17.629538    -10.401928     -0.062818
  O      17.486891     -8.502887      4.666757
  H      16.890402     -8.237522      3.940878
  H      17.942637     -7.665691      4.876197
  O      20.978551     -7.378383      2.829590
  H      20.496763     -6.778446      3.430070
  H      20.992654     -6.903305      1.968640
  O      18.977136     -6.050329      4.392957
  H      19.008943     -5.233679      4.907200
  H      18.463669     -5.822919      3.581509
  O      20.652827     -6.134239      0.385665
  H      21.135728     -6.325423     -0.427555
  H      19.732226     -6.419634      0.205442
