29
Coordinates from ORCA-job ofinal-4201
  O      17.795282     -7.202332      2.023878
  S      16.310045     -7.393420      1.951163
  O      15.894603     -8.851993      1.966132
  O      15.804052     -6.769530      3.407858
  H      14.831852     -6.729193      3.353077
  O      15.601572     -6.596004      0.892221
  N      19.281639     -9.566556      1.156683
  H      19.964780     -8.795896      1.023050
  H      18.493236     -9.426068      0.484037
  H      18.875034     -9.531935      2.108445
  C      19.918841    -10.884360      0.912623
  H      20.314916    -10.904081     -0.109579
  H      19.165529    -11.670509      1.039777
  H      20.734124    -11.033091      1.630992
  O      19.109522     -5.908279     -0.107673
  H      18.585793     -6.149283      0.682416
  H      18.489684     -6.089790     -0.835777
  O      17.111404     -9.522508     -0.578585
  H      16.987927     -8.718017     -1.119634
  H      16.429418     -9.437986      0.114677
  O      16.780116     -6.864133     -1.568326
  H      16.257587     -6.670735     -0.755278
  H      16.254813     -6.513231     -2.298316
  O      21.111883     -7.646802      0.305398
  H      21.861994     -7.189446      0.704102
  H      20.464387     -6.930973      0.073582
  O      17.820795    -10.152036      3.494293
  H      17.022541     -9.728326      3.107385
  H      17.878636     -9.781492      4.384380
