29
Coordinates from ORCA-job ofinal-6551
  O      19.055501     -8.067414      3.473428
  S      17.929679     -8.691772      2.655231
  O      18.335931    -10.041603      2.145564
  O      16.728886     -9.038642      3.747751
  H      16.130495     -8.270661      3.720960
  O      17.313291     -7.747991      1.667739
  N      21.295200     -9.401265      2.296475
  H      20.474129     -9.045996      2.819317
  H      22.092561     -8.794908      2.551035
  H      21.092632     -9.243479      1.266347
  C      21.520228    -10.841213      2.573933
  H      22.365700    -11.195230      1.971491
  H      20.608275    -11.385868      2.302812
  H      21.735324    -10.981302      3.640309
  O      20.790157     -8.936183     -0.323746
  H      20.366250     -8.048558     -0.287280
  H      20.061265     -9.535131     -0.593159
  O      19.476165     -6.536733      0.172610
  H      19.878623     -6.058806      0.917462
  H      18.642387     -6.865833      0.559454
  O      20.446181     -5.839477      2.858827
  H      20.201445     -5.070714      3.389482
  H      19.822222     -6.553961      3.135904
  O      22.912982     -7.165076      2.966779
  H      23.584172     -6.732642      2.424159
  H      22.145123     -6.554325      2.957104
  O      18.632619    -10.684751     -0.533065
  H      17.857361    -10.588742     -1.099801
  H      18.316213    -10.467718      0.367883
