29
Coordinates from ORCA-job ofinal-351
  O      20.103827     -9.109674      2.164355
  S      18.862969     -9.621483      2.858319
  O      18.128749    -10.676250      2.079531
  O      19.380008    -10.353883      4.251572
  H      19.909868    -11.122219      3.971420
  O      17.990647     -8.523521      3.404892
  N      19.241011     -6.727145      0.788494
  H      19.689511     -7.553237      1.220869
  H      18.841616     -6.161866      1.563491
  H      18.427270     -7.096048      0.238406
  C      20.190843     -5.968681     -0.062738
  H      19.661977     -5.124113     -0.521126
  H      20.571707     -6.648527     -0.832526
  H      21.014332     -5.595732      0.558651
  O      20.242429     -9.116661     -0.728604
  H      19.466673     -9.630846     -1.008255
  H      20.378740     -9.425594      0.182996
  O      17.926754     -5.667277      3.068192
  H      18.119857     -6.503194      3.531025
  H      16.986586     -5.780639      2.850238
  O      16.922407     -7.688664     -0.356035
  H      16.331211     -7.681503      0.422583
  H      17.024602     -8.636026     -0.575002
  O      15.736453     -7.541605      2.215780
  H      14.880828     -7.873505      2.515546
  H      16.405857     -8.092407      2.678957
  O      17.626049    -10.406843     -0.610027
  H      17.178865    -11.191171     -0.950486
  H      17.787353    -10.590689      0.343484
