29
Coordinates from ORCA-job ofinal-301
  O      17.622013     -9.314238      2.367878
  S      17.212925     -7.871262      2.394974
  O      16.670241     -7.319104      1.105265
  O      15.938261     -7.902452      3.453326
  H      15.538563     -7.014584      3.417106
  O      18.249123     -6.957236      3.016971
  N      20.365612     -9.517453      1.528460
  H      19.370143     -9.641678      1.776716
  H      20.782047     -8.933464      2.280968
  H      20.366257     -8.931749      0.658240
  C      21.053102    -10.817773      1.336451
  H      22.090904    -10.631748      1.033956
  H      20.517134    -11.373095      0.559256
  H      21.037791    -11.376867      2.280101
  O      18.175005    -10.748594     -0.108372
  H      17.957381    -10.064171     -0.764343
  H      17.614269    -10.495506      0.643094
  O      20.988585     -7.594006      3.494608
  H      20.033075     -7.449302      3.640248
  H      21.233294     -6.796071      2.998692
  O      20.269097     -7.692287     -0.536124
  H      20.202833     -6.864592     -0.018542
  H      19.404105     -7.767618     -0.985170
  O      20.035112     -5.636676      1.401545
  H      19.863400     -4.702448      1.228911
  H      19.248652     -5.956868      1.897603
  O      17.602952     -8.167127     -1.330945
  H      17.029491     -7.857857     -2.042762
  H      17.179634     -7.853172     -0.499105
