32
Coordinates from ORCA-job ofinal-3001
  O      17.879372     -9.657883      2.623718
  S      18.450317    -10.953649      2.120316
  O      19.929383    -10.945859      1.869288
  O      18.199170    -11.959740      3.416430
  H      18.657534    -12.792619      3.201453
  O      17.667016    -11.558200      0.971847
  N      16.123055     -7.919945      0.602117
  H      16.520019     -6.992629      0.851605
  H      15.800444     -8.385114      1.478279
  H      16.884696     -8.483905      0.164198
  C      14.989623     -7.795493     -0.349892
  H      14.197909     -7.190900      0.109347
  H      14.614138     -8.801628     -0.569568
  H      15.344604     -7.314187     -1.268986
  O      20.639325     -8.985815      0.078052
  H      20.538261     -9.749965      0.690629
  H      21.518834     -9.079462     -0.308216
  O      15.058133     -9.196877      2.880939
  H      14.791609     -9.974415      2.351357
  H      15.925395     -9.468109      3.229602
  O      19.406875     -7.293268      2.054330
  H      19.994979     -7.652448      1.365896
  H      18.970819     -8.092310      2.407053
  O      17.967711     -9.391025     -0.886033
  H      17.906225    -10.278196     -0.483118
  H      18.912172     -9.166697     -0.782737
  O      17.522142     -5.572094      1.207758
  H      18.287788     -6.092770      1.560703
  H      17.382506     -4.857242      1.840367
  O      14.955972    -11.068291      0.805977
  H      14.475355    -11.888076      0.636485
  H      15.897621    -11.342192      0.880809
