32
Coordinates from ORCA-job ofinal-9401
  O      17.773733     -7.746971      2.856726
  S      19.174363     -7.452157      2.321937
  O      19.892458     -8.662701      1.834334
  O      18.884699     -6.614446      0.891793
  H      18.494876     -5.728969      1.141955
  O      19.940810     -6.524057      3.205872
  N      17.274093     -8.635362     -0.379389
  H      17.835846     -7.839572     -0.030309
  H      16.310645     -8.552008      0.035720
  H      17.698869     -9.507358      0.025222
  C      17.241237     -8.678720     -1.861365
  H      18.264600     -8.774519     -2.243967
  H      16.785821     -7.756833     -2.243133
  H      16.644993     -9.542375     -2.179302
  O      14.831168     -8.515914      0.879853
  H      15.029364     -9.139518      1.602761
  H      14.872299     -7.638887      1.322471
  O      15.520279     -6.207049      2.258920
  H      15.841121     -5.377547      1.871381
  H      16.346674     -6.647820      2.544980
  O      17.661326     -4.309511      1.638130
  H      17.980434     -3.464632      1.295864
  H      17.838710     -4.283912      2.617504
  O      16.356548    -10.071551      2.828190
  H      16.145542    -10.404161      3.709971
  H      16.930382     -9.284162      2.978415
  O      18.220930     -4.619633      4.231231
  H      17.512632     -5.047241      4.731149
  H      18.870558     -5.338055      4.061909
  O      18.354456    -10.827948      0.905687
  H      19.043938    -10.277291      1.329210
  H      17.691594    -10.926124      1.614276
