32
Coordinates from ORCA-job ofinal-751
  O      16.407088     -8.233566      1.227428
  S      17.548213     -8.740668      0.405744
  O      17.213256     -9.305976     -0.935380
  O      18.439850     -7.353801      0.139385
  H      19.234803     -7.614290     -0.405533
  O      18.469759     -9.646989      1.217481
  N      18.592175     -8.110861      3.582566
  H      19.532556     -8.264657      3.987538
  H      18.518755     -8.738485      2.754166
  H      18.533028     -7.127016      3.220461
  C      17.483633     -8.380357      4.533582
  H      16.535175     -8.212403      4.009981
  H      17.567166     -7.698776      5.388765
  H      17.545652     -9.420382      4.875632
  O      20.645587     -8.206893     -1.192930
  H      20.336178     -9.083889     -1.547919
  H      20.964673     -7.714409     -1.959936
  O      21.254833     -8.817796      4.012253
  H      22.106297     -8.606157      4.410929
  H      21.437724     -9.024061      3.064490
  O      18.308304     -5.600989      2.451835
  H      18.438960     -5.936779      1.546733
  H      17.339144     -5.454930      2.483018
  O      21.247440     -9.466542      1.369049
  H      21.463386     -8.897458      0.612617
  H      20.290040     -9.628110      1.240637
  O      15.550492     -5.920151      2.437003
  H      14.839397     -5.424467      2.012823
  H      15.692172     -6.703909      1.866949
  O      19.510443    -10.520301     -1.908408
  H      18.613165    -10.251306     -1.609499
  H      19.735650    -11.268623     -1.339458
