32
Coordinates from ORCA-job ofinal-8551
  O      19.991596     -8.805556      0.226514
  S      18.850842     -7.862032     -0.058435
  O      18.551774     -6.910250      1.071597
  O      19.409535     -6.810400     -1.221056
  H      19.680002     -7.362840     -1.977124
  O      17.639617     -8.530795     -0.639717
  N      19.071616     -8.979466      3.549864
  H      18.107732     -8.608528      3.392853
  H      19.806052     -8.333941      3.184260
  H      19.128809     -9.847845      2.973243
  C      19.297014     -9.265220      4.987937
  H      18.535723     -9.972458      5.338163
  H      19.219622     -8.330415      5.556169
  H      20.298306     -9.693617      5.116032
  O      19.081144    -11.105530      1.716468
  H      19.478286    -10.549685      1.019577
  H      18.144018    -11.150727      1.448119
  O      21.348795     -7.720224      2.570115
  H      21.196495     -8.070636      1.673625
  H      21.285269     -6.752187      2.435321
  O      20.529461     -5.118702      1.949739
  H      20.878093     -4.517821      1.279489
  H      19.781190     -5.572014      1.514169
  O      16.405889    -10.390606      0.965296
  H      16.764481     -9.748904      0.309724
  H      15.691330    -10.850606      0.507158
  O      16.353512     -8.579247      3.221296
  H      16.062914     -7.730759      2.824379
  H      16.174962     -9.232078      2.519008
  O      15.993430     -6.172863      1.868500
  H      16.840416     -6.334294      1.406032
  H      15.357075     -5.988756      1.166686
