32
Coordinates from ORCA-job ofinal-1051
  O      17.671821     -9.828743      3.714074
  S      18.911583    -10.051883      2.907927
  O      19.575600    -11.379632      3.086412
  O      18.338648    -10.016983      1.338798
  H      19.032526    -10.440029      0.753494
  O      19.898554     -8.892718      2.976810
  N      19.616640     -7.117673      0.880303
  H      19.891406     -6.179829      1.229301
  H      18.578522     -7.143414      0.761361
  H      19.810019     -7.801987      1.645477
  C      20.330286     -7.496145     -0.365970
  H      20.048369     -6.804275     -1.168907
  H      20.060121     -8.523525     -0.636792
  H      21.411278     -7.440334     -0.188612
  O      19.126516     -6.424695      4.194088
  H      19.454618     -7.325443      4.006515
  H      18.158565     -6.539405      4.162270
  O      16.862690     -7.571259      0.820105
  H      17.026860     -8.528470      0.892052
  H      16.526832     -7.348459      1.710870
  O      20.239552    -10.968114     -0.295281
  H      19.989187    -11.781426     -0.752875
  H      20.971877    -11.234803      0.315028
  O      16.484807     -7.389044      3.642213
  H      15.684027     -7.376584      4.181482
  H      16.844374     -8.305132      3.735625
  O      20.068604     -4.761152      2.298163
  H      19.761658     -5.249004      3.103766
  H      20.785850     -4.187781      2.592536
  O      21.977099    -11.404191      1.720483
  H      21.242444    -11.408148      2.374623
  H      22.520064    -12.168716      1.947664
