32
Coordinates from ORCA-job ofinal-7351
  O      16.586718     -6.381248      0.113382
  S      17.784154     -7.181767      0.531184
  O      18.644389     -7.733381     -0.557676
  O      18.820289     -6.091824      1.293214
  H      18.243723     -5.609520      1.926826
  O      17.466000     -8.197307      1.609997
  N      18.389784     -9.079987      4.080756
  H      18.098076     -9.893441      3.491177
  H      17.569194     -8.440320      4.146486
  H      19.155989     -8.612984      3.548886
  C      18.845104     -9.517999      5.421101
  H      19.692115    -10.205394      5.307434
  H      18.020328    -10.027139      5.934321
  H      19.156454     -8.642301      6.003592
  O      19.648636    -10.057697      0.566329
  H      19.266102     -9.303419      0.058758
  H      20.170673    -10.551576     -0.079130
  O      17.698634    -11.186757      2.382228
  H      18.241806    -10.882838      1.627481
  H      16.791231    -10.915176      2.157469
  O      16.380101     -5.292044      2.622820
  H      16.156076     -5.555530      1.700600
  H      15.985074     -4.419429      2.747037
  O      16.000783     -7.607356      4.339787
  H      15.472565     -8.200261      3.773738
  H      16.056122     -6.786397      3.813563
  O      15.248961     -9.508225      2.237171
  H      14.476204     -9.510374      1.657758
  H      15.916837     -8.938768      1.786474
  O      20.547683     -8.137100      2.553154
  H      20.467552     -8.817803      1.856774
  H      20.212643     -7.335636      2.112314
