32
Coordinates from ORCA-job ofinal-6301
  O      16.803811     -8.034931      3.203653
  S      15.609173     -7.769227      2.320578
  O      15.729488     -8.327934      0.924835
  O      14.384096     -8.725361      2.925641
  H      14.195874     -8.384620      3.819296
  O      15.130670     -6.351446      2.393600
  N      19.440683     -8.783575      1.253086
  H      18.905692     -9.521101      1.774626
  H      19.407009     -7.901595      1.814018
  H      18.919951     -8.544954      0.379181
  C      20.829830     -9.217145      0.973630
  H      21.340063     -9.427949      1.921342
  H      21.360367     -8.420241      0.438104
  H      20.808931    -10.124423      0.357621
  O      17.910868     -7.772273     -0.841422
  H      17.055277     -7.918137     -0.393515
  H      18.063810     -6.814774     -0.721454
  O      15.488203     -4.825658      0.141079
  H      14.982759     -5.224376     -0.578973
  H      15.254208     -5.363865      0.930142
  O      17.964105    -10.601543      2.721873
  H      17.467275     -9.875171      3.144606
  H      17.289123    -10.998084      2.129991
  O      19.021643     -6.332336      2.516495
  H      18.719479     -5.759258      1.784380
  H      18.197199     -6.623212      2.949043
  O      18.159516     -5.075697      0.075285
  H      18.578452     -4.276004     -0.266813
  H      17.185224     -4.885815      0.060346
  O      15.966916    -11.130905      0.850747
  H      15.729097    -10.181557      0.827813
  H      15.135209    -11.582833      1.041164
