32
Coordinates from ORCA-job ofinal-4651
  O      18.397643     -6.961562      2.860739
  S      17.148866     -6.641163      2.083149
  O      16.463840     -7.881166      1.544511
  O      16.014358     -6.144872      3.200740
  H      16.319700     -5.279248      3.528445
  O      17.295029     -5.527578      1.097367
  N      19.135026     -9.605812      1.764506
  H      19.369721     -9.219175      0.818748
  H      18.301019    -10.221095      1.642480
  H      18.845163     -8.815376      2.356940
  C      20.264442    -10.342735      2.381664
  H      21.129797     -9.673233      2.460922
  H      20.518338    -11.200898      1.747631
  H      19.954922    -10.675650      3.378415
  O      19.527649     -5.824762     -0.582644
  H      18.792133     -5.625301      0.032391
  H      20.278393     -5.327820     -0.235068
  O      17.978955     -9.385624      4.505670
  H      17.997266     -8.427448      4.349874
  H      17.053271     -9.621275      4.320800
  O      15.387626     -9.789635      3.184161
  H      15.594543     -8.973743      2.678227
  H      14.482562     -9.677011      3.500645
  O      16.627641     -9.114956     -0.882982
  H      15.987184     -8.876287     -1.565314
  H      16.468311     -8.487302     -0.144628
  O      16.884018    -11.180119      1.176166
  H      16.207699    -10.932870      1.834255
  H      16.611604    -10.709278      0.367661
  O      19.478393     -8.596345     -0.780358
  H      18.572853     -8.745066     -1.108240
  H      19.577042     -7.618597     -0.778874
