32
Coordinates from ORCA-job ofinal-7851
  O      18.512564     -6.957202      3.491183
  S      17.336416     -7.696319      2.891192
  O      16.135427     -6.834983      2.664751
  O      17.835010     -8.050637      1.303603
  H      18.179271     -8.974683      1.329890
  O      17.079179     -9.028871      3.522944
  N      20.398321     -6.502502      0.633932
  H      20.456251     -7.326292      1.268514
  H      19.775054     -5.793387      1.090657
  H      19.960929     -6.772814     -0.266358
  C      21.748292     -5.925809      0.417827
  H      22.167679     -5.631446      1.387146
  H      21.664095     -5.046252     -0.231862
  H      22.395137     -6.677079     -0.051442
  O      18.824488    -10.542157      2.104782
  H      18.164824    -10.312284      2.797383
  H      18.630657    -11.450666      1.842035
  O      19.087616     -7.016769     -1.785499
  H      19.195080     -6.862198     -2.730771
  H      18.136887     -6.823469     -1.581475
  O      20.776125     -8.430258      2.638698
  H      20.089982     -8.010472      3.197477
  H      20.436058     -9.332886      2.516279
  O      16.578753     -6.665674     -0.881312
  H      16.707485     -7.273731     -0.131199
  H      16.364287     -5.826119     -0.434577
  O      18.933616     -4.612307      2.008298
  H      18.709601     -5.245384      2.721438
  H      18.059407     -4.362447      1.652144
  O      16.232335     -4.607993      1.106930
  H      16.101443     -5.354529      1.738649
  H      15.506732     -3.996385      1.284745
