32
Coordinates from ORCA-job ofinal-3501
  O      17.019313     -7.259496     -0.388873
  S      16.952871     -7.212008      1.103060
  O      16.028091     -6.204249      1.710317
  O      16.295612     -8.711920      1.492438
  H      15.926678     -8.610304      2.402916
  O      18.330464     -7.225244      1.746762
  N      19.902858     -9.600048      2.558272
  H      20.439272     -8.918501      1.966424
  H      19.225502    -10.048043      1.899246
  H      19.363109     -9.087562      3.279644
  C      20.813953    -10.601976      3.161834
  H      21.368511    -11.106695      2.361655
  H      20.227089    -11.336617      3.726654
  H      21.516636    -10.093254      3.832774
  O      18.452043     -7.968361      4.400977
  H      18.328725     -7.426644      3.594870
  H      17.544007     -8.060851      4.728686
  O      18.221865    -10.664490      0.605892
  H      17.400209    -10.180791      0.808855
  H      18.567634    -10.185115     -0.172738
  O      20.533652     -5.573696      1.542340
  H      20.468406     -4.705922      1.125875
  H      19.619027     -5.920408      1.564864
  O      19.232927     -8.679365     -1.182538
  H      18.472072     -8.089733     -0.961650
  H      19.289521     -8.660761     -2.146371
  O      15.481274     -7.709779      3.960834
  H      14.591170     -7.735437      4.334792
  H      15.498317     -6.917404      3.380679
  O      21.324645     -8.116048      0.716894
  H      20.722253     -8.239129     -0.042610
  H      21.247288     -7.159150      0.912222
