32
Coordinates from ORCA-job ofinal-5101
  O      20.618019     -5.531543      2.928954
  S      20.411182     -6.525150      1.822963
  O      19.686181     -7.772373      2.252352
  O      19.228966     -5.837698      0.815375
  H      19.626622     -5.021399      0.461726
  O      21.598215     -6.757350      0.943471
  N      17.286342     -9.146946      2.487046
  H      17.173937     -8.134357      2.277692
  H      17.705209     -9.177479      3.444880
  H      17.980878     -9.580313      1.837398
  C      15.988210     -9.859571      2.438449
  H      15.575482     -9.791713      1.424561
  H      15.294649     -9.397168      3.151268
  H      16.145665    -10.912718      2.700916
  O      20.732746     -9.990474      3.416119
  H      21.686849    -10.069313      3.543608
  H      20.600320     -9.129980      2.958466
  O      18.599852     -6.178921      4.718948
  H      19.371436     -5.911840      4.165150
  H      18.591601     -5.550602      5.452373
  O      16.840953     -6.360965      2.407529
  H      17.271095     -6.176151      3.264837
  H      17.490735     -6.015291      1.770353
  O      20.730499     -9.015591     -0.582473
  H      21.416439     -9.262840     -1.213586
  H      21.086391     -8.233744     -0.113529
  O      18.507803     -9.039259      5.000774
  H      19.379351     -9.405486      4.763157
  H      18.651350     -8.072175      5.030116
  O      19.129668    -10.645695      1.027535
  H      19.754587    -10.791200      1.758939
  H      19.662770    -10.113692      0.397635
