33
../443-2 ∆∆E[~CCSD(T)/CBS] = 1.40 kcal/mol
O     1.735992    -0.697050     0.815648
H     1.379054    -1.465678     1.303056
H     1.602892    -0.932699    -0.125985
O    -0.338716     1.090850     1.253401
H     0.478695     0.544310     1.203429
H    -0.038056     2.017240     1.353389
O     0.727028     2.968784    -1.701232
H     1.500176     2.428100    -1.442808
H     0.025639     2.318247    -1.875485
O    -2.040575    -1.020527     1.928754
H    -1.615591    -0.144836     1.840825
H    -2.503559    -1.141874     1.078156
O    -2.814213    -1.429640    -0.808880
H    -3.627499    -1.773836    -1.197933
H    -2.134760    -2.149545    -0.908764
O     0.730253     3.644091     0.929904
H     0.601080     3.600689    -0.049698
H     0.472291     4.534602     1.196431
O     0.032731    -2.713240     1.831175
H    -0.756342    -2.125994     1.990546
H     0.062490    -3.325382     2.576746
O    -0.988833     0.639969    -1.382280
H    -1.781766     0.069324    -1.336546
H    -0.812552     0.874714    -0.439591
O     0.991773    -1.125407    -1.855883
H     1.529785    -0.938995    -2.635384
H     0.294401    -0.420075    -1.820196
O    -0.758204    -3.151526    -0.876866
H    -0.059605    -2.654922    -1.342310
H    -0.440159    -3.197134     0.046114
O     2.825855     1.836303    -0.137752
H     2.534987     2.489700     0.518730
H     2.718515     0.984555     0.317936
