33
../443p-3 ∆∆E[~CCSD(T)/CBS] = 1.24 kcal/mol
O     1.047230     0.917360     3.021034
H     1.392792     1.025242     3.915625
H     0.244823     0.336612     3.106846
O    -2.729744     1.080444     1.217647
H    -3.681369     1.237694     1.251592
H    -2.570005     0.602786     0.370384
O    -1.157162    -0.608420     2.899478
H    -1.827406    -0.072708     2.431948
H    -0.941420    -1.318127     2.266581
O    -1.266405    -1.064254    -3.417254
H    -1.639589    -0.798712    -4.265931
H    -0.329145    -0.745307    -3.429300
O    -0.384684     2.835497     1.347740
H    -1.268089     2.430114     1.413054
H     0.136259     2.360087     2.021164
O    -1.749919    -0.355177    -0.856508
H    -1.296537    -1.108584    -0.424191
H    -1.778970    -0.594911    -1.813389
O     2.923073    -1.710528    -1.481388
H     2.807817    -1.225926    -0.639254
H     3.876810    -1.744987    -1.624974
O     1.260210    -0.103425    -3.160534
H     1.160066     0.653181    -2.556758
H     1.880832    -0.695040    -2.689884
O    -0.184289    -2.110046     0.666256
H     0.637384    -1.558359     0.624079
H     0.081003    -2.994943     0.384744
O     0.410025     1.450211    -0.902734
H     0.184642     2.127023    -0.223162
H    -0.398877     0.894523    -0.939691
O     1.833762    -0.294287     0.610083
H     1.391221     0.399734     0.055644
H     1.835466     0.093776     1.507827
