33
../44p12a-5 ∆∆E[~CCSD(T)/CBS] = 1.17 kcal/mol
O    -1.318591     0.924738    -2.201167
H    -2.145934     1.323464    -2.497446
H    -1.525439     0.473412    -1.345101
O    -3.324270    -0.530500     2.232202
H    -2.811935    -0.601787     1.396483
H    -3.839686    -1.344852     2.281418
O     0.957562     2.898017     1.100177
H     1.052713     2.768507     0.122948
H     1.729038     3.413206     1.364245
O    -0.150808    -2.681664    -0.970333
H    -0.372132    -3.597057    -1.179827
H     0.037750    -2.234807    -1.841703
O     2.651779    -0.040665    -1.849318
H     2.529535    -0.531454    -0.989995
H     3.593769    -0.092210    -2.051808
O    -1.530769    -0.505982     0.104042
H    -0.814968    -0.155118     0.696851
H    -1.180368    -1.369507    -0.201213
O    -1.240959    -0.041011     3.998979
H    -2.062219    -0.210736     3.486049
H    -1.471655     0.669876     4.609582
O     1.103401     2.326541    -1.542915
H     1.717742     1.581193    -1.688855
H     0.238966     1.977440    -1.829877
O     2.054072    -1.391500     0.373722
H     1.572303    -0.821587     1.009649
H     1.376425    -2.016349     0.056798
O     0.390711    -1.181213    -3.106127
H     1.253462    -0.786501    -2.868043
H    -0.237426    -0.438263    -3.027183
O     0.395534     0.339802     1.807901
H    -0.051084     0.275705     2.680915
H     0.629396     1.289768     1.678265
