33
../44p12a-7 ∆∆E[~CCSD(T)/CBS] = 1.53 kcal/mol
O    -1.365701    -0.138903    -2.353845
H    -2.038869    -0.694920    -1.917588
H    -1.575753     0.759872    -2.040091
O    -0.795214    -2.555230     0.708950
H    -0.715023    -1.979918     1.492102
H    -0.126153    -2.176359     0.097525
O     0.842006    -1.027195    -0.985273
H     0.977189    -0.313809    -0.321759
H     0.130081    -0.682057    -1.576821
O    -1.889323     2.316182    -0.883232
H    -2.241044     1.753434    -0.136023
H    -2.582848     2.965773    -1.055209
O     3.517117    -1.452682    -1.345466
H     3.699961    -2.400270    -1.356401
H     2.534389    -1.385333    -1.377764
O    -0.564545    -0.293572     2.521330
H     0.212204     0.156841     2.106048
H    -0.438002    -0.202368     3.473717
O    -2.983447    -1.685784    -0.546857
H    -3.671719    -2.354560    -0.645625
H    -2.229068    -2.134800    -0.074857
O     1.368025     0.825020     1.021179
H     1.216582     1.729492     0.663387
H     2.342587     0.690671     1.069281
O     0.626832     3.205764    -0.127624
H     1.098728     3.477557    -0.924903
H    -0.276720     2.974748    -0.439547
O    -2.769515     0.666694     1.002990
H    -2.072483     0.388431     1.629797
H    -3.010595    -0.157759     0.535367
O     3.977365     0.038922     0.913467
H     4.766334     0.584721     0.812225
H     3.941233    -0.518300     0.100579
