33
../44p3pA-2 ∆∆E[~CCSD(T)/CBS] = 0.40 kcal/mol
O    -1.480174     3.591786    -0.062488
H    -0.776759     3.035633    -0.463910
H    -1.047406     4.424363     0.162277
O    -2.681504    -0.711197     0.162777
H    -2.714529     0.117520     0.676043
H    -2.080076    -1.286847     0.691486
O    -2.402536     1.744488     1.736742
H    -2.181228     2.514868     1.162976
H    -3.124422     2.042523     2.303727
O     0.176905     1.596319    -0.939426
H     1.099698     1.415492    -1.213896
H    -0.373559     0.980837    -1.473130
O    -0.730010    -1.958392     1.650989
H    -0.053358    -2.498416     1.203676
H    -0.287410    -1.093566     1.762156
O     2.764646    -0.538833     1.058569
H     2.056030    -0.112708     1.573584
H     2.449260    -1.454878     0.922313
O     2.689812     0.523360    -1.388762
H     3.548769     0.857070    -1.674560
H     2.825105     0.166420    -0.467170
O     1.110774    -1.768178    -2.143931
H     0.213755    -1.383112    -2.198296
H     1.703230    -0.995035    -2.096772
O    -1.365252    -0.366925    -2.089026
H    -1.930783    -0.525121    -1.274158
H    -1.981211    -0.311913    -2.829921
O     0.278935     0.704034     1.724591
H    -0.511473     1.098700     2.132745
H     0.210188     1.003182     0.791304
O     1.548373    -2.960744     0.220539
H     1.896809    -3.854856     0.120666
H     1.375980    -2.630317    -0.700399
