33
../44p3pA-18 ∆∆E[~CCSD(T)/CBS] = 1.49 kcal/mol
O     0.611060     0.446549    -3.132808
H     1.291254     0.922304    -2.587498
H     0.961327     0.415599    -4.031481
O     0.552189     1.442831     2.003374
H     0.300188     2.109820     1.331800
H    -0.282133     1.012880     2.280314
O    -1.595782    -0.264975     2.579466
H    -1.026032    -1.079726     2.557648
H    -2.130466    -0.334748     3.379577
O    -1.551055     1.830628    -1.746751
H    -0.989972     1.394182    -2.412537
H    -1.903714     1.081930    -1.212058
O     0.135895     3.131720    -0.184836
H    -0.054593     4.077423    -0.163925
H    -0.559329     2.721445    -0.778198
O     0.118364    -2.289843     2.229920
H     0.879945    -1.842271     1.824493
H    -0.194265    -2.910493     1.535092
O     2.052767    -0.389143     0.874317
H     1.539799     0.320912     1.368056
H     2.908120    -0.468069     1.316827
O     0.328740    -1.478873    -1.133427
H     1.045053    -1.175471    -0.546244
H     0.446619    -0.968072    -1.960560
O    -2.167891    -0.412569    -0.246063
H    -2.159284    -0.317356     0.724017
H    -1.310890    -0.836354    -0.449598
O    -0.726400    -3.784740     0.018451
H    -1.683081    -3.793056    -0.117915
H    -0.402342    -3.106180    -0.606740
O     2.214958     1.617386    -1.326568
H     1.632575     2.293336    -0.922978
H     2.329742     0.960775    -0.616872
