33
../44p3pA-15 ∆∆E[~CCSD(T)/CBS] = 1.39 kcal/mol
O     2.160774     3.251542     0.394763
H     1.511303     2.822050    -0.200625
H     1.998956     4.198995     0.314355
O     1.576663     1.516985     2.535603
H     1.867527     2.212374     1.910129
H     0.608769     1.571413     2.484895
O     0.506057     1.450296    -0.859356
H    -0.153809     1.324647    -1.583000
H     1.161875     0.739961    -1.015537
O    -1.150747     0.875946     1.306181
H    -0.487581     1.037014     0.594939
H    -0.949128    -0.021229     1.641058
O    -0.037047    -1.881341    -2.398692
H     0.195937    -2.572852    -3.030655
H     0.813679    -1.608463    -1.982249
O    -1.417511     0.683297    -2.656117
H    -1.070763    -0.216263    -2.793995
H    -2.158714     0.556457    -2.033811
O    -0.635858    -1.852506     1.958307
H    -1.120791    -2.165119     1.147711
H    -0.971029    -2.384344     2.690455
O    -1.923475    -2.372165    -0.324575
H    -1.298407    -2.301130    -1.072355
H    -2.505990    -1.594466    -0.421316
O     2.038062    -1.025312     1.520340
H     1.197295    -1.458479     1.762101
H     1.963477    -0.127091     1.921225
O    -3.138348     0.209100    -0.409582
H    -2.531452     0.557979     0.293697
H    -4.017103     0.545123    -0.195184
O     2.127041    -0.830953    -1.081334
H     3.048894    -0.830762    -1.367986
H     2.152166    -0.951996    -0.080564
