33
../44p3pB-8 ∆∆E[~CCSD(T)/CBS] = 1.10 kcal/mol
O    -0.410715     1.824599    -2.052366
H    -0.123113     2.375204    -1.297329
H     0.239797     1.094088    -2.067728
O    -2.362156     2.100166     1.221751
H    -1.583766     2.630956     0.959775
H    -2.652490     1.686341     0.385371
O    -1.200570     0.117672     2.561367
H    -1.664300    -0.159177     3.361008
H    -1.729894     0.870304     2.176450
O    -1.047359    -1.242326     0.112215
H    -1.085632    -0.862544     1.015465
H    -1.780806    -0.798548    -0.358340
O    -2.655377     0.657026    -1.215879
H    -1.868707     1.107329    -1.635278
H    -3.355623     0.673702    -1.879610
O     1.329707     1.263675     1.998652
H     0.556036     0.820968     2.395932
H     1.853387     0.536113     1.608346
O     1.661342    -3.057858    -2.383121
H     1.383033    -3.367462    -1.489992
H     1.311285    -3.704829    -3.006760
O     1.076929    -0.504904    -1.532562
H     0.312697    -0.769874    -0.970349
H     1.254483    -1.305104    -2.073564
O     0.179861     3.092511     0.418915
H     0.696515     2.445759     0.972407
H     0.593299     3.950841     0.573091
O     2.601690    -0.906388     0.679450
H     3.559443    -0.924659     0.555636
H     2.222650    -0.698048    -0.210137
O     0.926746    -3.357829     0.255629
H     1.571210    -2.727792     0.624601
H     0.095429    -2.849944     0.266903
