33
../44p3pA-1 ∆∆E[~CCSD(T)/CBS] = 0.19 kcal/mol
O    -0.203792     1.090671    -1.503272
H    -0.448244     0.382641    -2.132316
H    -1.013924     1.217484    -0.970603
O     0.755994    -2.691648    -1.163766
H     0.253318    -2.915722    -0.357465
H     1.379664    -1.999227    -0.865056
O     1.178279     3.076187     0.157449
H     0.768987     2.637996    -0.607694
H     0.662589     2.734309     0.912348
O     3.618691     1.780504     0.242016
H     2.843555     2.387384     0.226798
H     4.301868     2.221971    -0.276294
O    -2.375558     1.394604     0.289975
H    -3.026707     2.104142     0.224756
H    -1.825029     1.605757     1.082538
O     0.541090    -0.639231     2.143563
H    -0.039604    -1.397732     1.939431
H     1.135909    -0.583118     1.362058
O    -1.024941    -2.764146     1.089077
H    -1.445564    -3.501920     1.547178
H    -1.750417    -2.302428     0.591086
O    -2.752912    -1.364853    -0.413377
H    -2.313773    -1.351974    -1.286390
H    -2.752704    -0.432570    -0.127673
O    -0.482709     1.773243     2.181158
H    -0.545765     2.091240     3.090475
H    -0.114992     0.839730     2.247319
O    -0.990335    -1.341971    -2.655988
H    -1.077731    -1.707033    -3.544920
H    -0.314556    -1.911723    -2.190956
O     1.896688    -0.316529    -0.247439
H     2.669559     0.281365    -0.155406
H     1.212400     0.236670    -0.681494
