33
../515A-6 ∆∆E[~CCSD(T)/CBS] = 0.70 kcal/mol
O    -1.150635    -2.230974     1.418720
H    -1.005084    -2.303210     0.453212
H    -0.271562    -2.020757     1.788711
O     1.554764    -1.187420    -1.919795
H     2.013161    -0.870049    -1.117115
H     1.516585    -0.397576    -2.500289
O     1.278214    -1.249933     2.536235
H     1.825179    -1.742973     3.159938
H     1.898739    -0.911221     1.848943
O    -0.298306     1.207350     2.751644
H    -1.185839     0.897739     2.489029
H     0.193339     0.381888     2.908650
O     1.300129     1.175767    -3.374721
H     0.595742     1.646914    -2.879949
H     1.021250     1.201034    -4.297980
O    -2.654425    -0.050948     1.700757
H    -3.486730    -0.220710     2.158950
H    -2.179868    -0.926808     1.664798
O     1.181305     2.081476     0.590036
H     0.588038     1.896636     1.354682
H     0.582370     2.223116    -0.168341
O     2.645011    -0.084533     0.464165
H     2.140220     0.787228     0.471411
H     3.578794     0.161908     0.460571
O    -0.877323    -2.067455    -1.377490
H     0.049547    -1.769062    -1.608991
H    -1.058202    -2.816307    -1.958805
O    -2.314268     0.355204    -1.088194
H    -2.551064     0.294976    -0.141227
H    -1.910113    -0.514089    -1.283773
O    -0.573398     2.275476    -1.650657
H    -1.062551     3.094173    -1.799565
H    -1.265117     1.586245    -1.438086
