33
../515A-16 ∆∆E[~CCSD(T)/CBS] = 1.18 kcal/mol
O    -1.489448     1.565637     1.360143
H    -1.917673     1.346828     0.508884
H    -1.513237     0.744189     1.889093
O    -1.137311    -1.509624    -1.567561
H    -1.656690    -0.690941    -1.451336
H    -1.161895    -1.967845    -0.695579
O     2.056791    -2.310568     0.439521
H     1.968989    -1.955193    -0.476194
H     2.831155    -2.886202     0.421670
O    -2.458466     0.999172    -1.235902
H    -1.949753     1.592871    -1.847555
H    -3.380066     1.070914    -1.513459
O     1.601373    -0.342347     2.442931
H     1.611687     0.527745     1.996675
H     1.886590    -0.979160     1.759397
O     1.106399     2.101124     1.106606
H     0.119049     1.989083     1.199179
H     1.308234     2.962732     1.492399
O    -0.801506    -2.794716     0.847359
H    -0.991345    -2.212583     1.607573
H     0.171070    -2.834010     0.828140
O     1.506007     1.692063    -1.670737
H     1.582406     0.723678    -1.774767
H     1.455139     1.838062    -0.705396
O     1.426201    -1.147662    -1.961115
H     0.429684    -1.273336    -1.889678
H     1.663917    -1.492092    -2.831564
O    -0.999329    -0.783946     2.872404
H    -0.015428    -0.632997     2.836464
H    -1.212491    -0.914297     3.804628
O    -0.817187     2.416672    -2.808986
H     0.072065     2.211342    -2.415544
H    -0.823054     3.372327    -2.939691
