33
../515A-7 ∆∆E[~CCSD(T)/CBS] = 0.79 kcal/mol
O     1.835190     2.772764    -1.876527
H     0.905992     2.763226    -1.524459
H     1.770309     3.163162    -2.756163
O     1.926146     0.293915     1.486381
H     2.223252     0.244844     0.557473
H     1.559983    -0.596077     1.698384
O    -0.112439     1.880425     1.905978
H     0.720148     1.335003     1.751079
H     0.157918     2.595068     2.496770
O    -0.622861     2.587498    -0.813559
H    -0.525752     2.407719     0.141742
H    -1.113454     1.817236    -1.162999
O     2.627473     0.285721    -1.281660
H     3.548290     0.124978    -1.521969
H     2.431205     1.210346    -1.584624
O    -1.727379    -0.221947     2.603162
H    -2.301650    -0.060333     3.361613
H    -1.234635     0.619673     2.456104
O     0.559454    -1.996064     2.186592
H    -0.255812    -1.560281     2.490999
H     0.277364    -2.494552     1.395407
O    -2.591830    -1.332749     0.137554
H    -1.962085    -2.076278     0.058408
H    -2.395636    -0.939192     1.010047
O     0.473051    -1.364171    -2.104932
H    -0.267418    -0.731888    -2.183923
H     1.249835    -0.819320    -1.868904
O    -1.851327     0.263334    -1.864700
H    -2.574176     0.353216    -2.498087
H    -2.213867    -0.301502    -1.127461
O    -0.399434    -3.077373    -0.257129
H    -0.004120    -2.508169    -0.972791
H    -0.347337    -3.984379    -0.581646
