33
../515A-1 ∆∆E[~CCSD(T)/CBS] = 0.27 kcal/mol
O     2.925247    -0.038379    -0.739361
H     2.404665    -0.404686    -1.480133
H     2.691084     0.906481    -0.732468
O    -2.001916     1.088397     1.510402
H    -2.198387     0.217037     1.916946
H    -2.171353     0.957348     0.555788
O     0.491294     1.788499     1.960396
H    -0.473253     1.551346     1.810996
H     0.503841     2.292682     2.783608
O    -2.314935    -1.440155     2.619501
H    -3.114437    -1.967061     2.500776
H    -1.597209    -1.960621     2.197349
O     1.103005    -0.935042    -2.735149
H     0.365256    -1.405674    -2.258801
H     1.294352    -1.466383    -3.517332
O    -0.163566    -2.570155     1.281179
H     0.205313    -3.430431     1.517524
H     0.584132    -1.915316     1.429585
O     1.731869    -0.786104     1.631676
H     1.352990     0.075828     1.887312
H     2.220233    -0.586419     0.798488
O    -2.267488     0.586689    -1.249017
H    -1.506050     1.034496    -1.711768
H    -3.057115     0.852601    -1.736350
O    -0.949443    -1.950245    -1.362437
H    -0.710177    -2.215040    -0.451184
H    -1.547311    -1.184749    -1.262107
O    -0.095575     1.601340    -2.413671
H     0.493489     2.025165    -1.759327
H     0.390786     0.800888    -2.694357
O     1.658058     2.555245    -0.391696
H     1.999965     3.457439    -0.371729
H     1.252387     2.404488     0.494959
