33
../515B-1 ∆∆E[~CCSD(T)/CBS] = 0.42 kcal/mol
O    -0.586775     2.307936    -0.086935
H    -1.411265     1.853172     0.188084
H    -0.451725     3.042905     0.539436
O    -0.567000    -2.887048     0.894365
H    -0.590250    -2.139252     1.554264
H    -0.670463    -3.696916     1.408581
O     0.931153     1.189677    -2.197190
H     0.409068     1.715814    -1.560872
H     1.703701     0.880037    -1.687156
O     1.427255    -2.395921    -1.047097
H     0.843038    -2.117924    -1.778497
H     0.809758    -2.655419    -0.334019
O    -2.617628     0.593147     0.712575
H    -3.558159     0.789863     0.803531
H    -2.565330    -0.164272     0.063832
O     0.685440     3.710026     2.009732
H     1.141035     2.858327     2.147525
H     0.559826     4.079788     2.891726
O    -0.707286    -0.724389     2.445411
H    -1.449702    -0.224065     2.057870
H     0.074421    -0.166447     2.243907
O    -0.324960    -1.065981    -2.858138
H     0.105760    -0.182121    -2.694303
H    -0.447634    -1.126957    -3.813261
O     2.829781    -0.187263    -0.527382
H     3.774882    -0.343606    -0.642877
H     2.387124    -1.065841    -0.686847
O    -2.290668    -1.501542    -0.890766
H    -1.802734    -2.145332    -0.341526
H    -1.700017    -1.342054    -1.654666
O     1.302709     0.993923     1.499233
H     2.004416     0.570402     0.964878
H     0.685159     1.343714     0.820668
