33
../515C-1 ∆∆E[~CCSD(T)/CBS] = 0.59 kcal/mol
O     0.844014     0.010272    -2.910153
H     0.763997     0.905311    -2.471654
H     0.942964     0.184086    -3.854096
O     2.662698    -0.863589    -0.911281
H     2.193453    -0.598532    -1.726593
H     2.795015    -0.023764    -0.427954
O    -0.353113    -0.578388     1.922456
H     0.091330    -1.313436     1.450377
H    -1.248257    -0.911631     2.148922
O     2.782370     1.649967     0.418620
H     3.611129     2.080101     0.662715
H     2.209105     1.703894     1.226370
O    -2.998919    -1.351080     2.060587
H    -3.221319    -1.020412     1.163292
H    -3.648485    -0.947601     2.649170
O     0.698822     2.237114    -1.486810
H    -0.040452     2.072675    -0.856884
H     1.490148     2.228497    -0.917472
O     0.878219    -2.432861     0.271671
H     1.251004    -3.292485     0.502050
H     1.625047    -1.908778    -0.132591
O    -1.255838     1.568115     0.356033
H    -2.070347     1.224284    -0.050732
H    -0.904982     0.775269     0.816064
O    -3.158590    -0.395378    -0.556658
H    -2.407649    -0.872139    -1.008408
H    -3.918826    -0.519142    -1.138202
O    -1.083555    -1.648891    -1.667402
H    -0.495187    -2.081042    -1.019662
H    -0.477488    -1.086302    -2.190650
O     1.014041     1.767571     2.461076
H     0.568362     0.893523     2.468531
H     0.307478     2.366030     2.176124
