33
../551B-1 ∆∆E[~CCSD(T)/CBS] = 0.64 kcal/mol
O     0.634658    -2.018264     0.723987
H     1.017702    -1.918231    -0.173597
H    -0.328256    -2.124587     0.576686
O    -1.342578    -1.092548    -2.387228
H    -0.414506    -1.389014    -2.338166
H    -1.720195    -1.345741    -1.520649
O     0.768662     0.249913     2.259127
H     1.249167    -0.143682     3.006174
H     0.741315    -0.507526     1.625775
O    -1.081548     1.554614    -2.656872
H    -1.500961     1.868199    -3.467188
H    -1.274759     0.579437    -2.609078
O    -2.101510    -1.728550     0.255979
H    -2.165702    -0.875352     0.779364
H    -2.872736    -2.250951     0.507988
O    -1.433612     2.633505    -0.041468
H    -0.497170     2.764233     0.191595
H    -1.404946     2.343572    -0.973436
O     1.371175     2.380462     0.694058
H     1.272848     1.658661     1.361494
H     1.995929     3.008308     1.076978
O     1.614187     1.213319    -1.879198
H     1.639564     1.643631    -1.001849
H     0.753737     1.483582    -2.256584
O     2.031743    -2.146548     3.180177
H     2.133066    -2.952105     3.700396
H     1.596813    -2.425084     2.352880
O     1.456889    -1.439566    -1.859545
H     1.613352    -0.453756    -1.868338
H     2.184356    -1.827513    -2.360840
O    -2.040661     0.524478     1.626759
H    -1.191790     0.499469     2.104284
H    -1.939142     1.305563     1.032681
