33
../551B-3 ∆∆E[~CCSD(T)/CBS] = 0.75 kcal/mol
O    -3.195571    -0.213155    -0.183114
H    -2.744048    -0.948200     0.325771
H    -4.142162    -0.386670    -0.113088
O     0.219599    -1.028489     2.511139
H     0.173410    -0.053761     2.503330
H     0.974190    -1.226374     1.927520
O     0.058123    -2.571162    -1.195943
H     0.343426    -3.366290    -1.662356
H     0.867403    -2.215451    -0.753510
O     1.988066    -1.310807     0.223529
H     2.955904    -1.347206     0.142349
H     1.818260    -0.353061     0.050194
O    -1.369493    -0.393725    -2.339921
H    -0.851972    -1.172775    -2.055580
H    -2.130861    -0.378328    -1.726431
O    -1.804940    -2.124853     0.986976
H    -1.149849    -1.753157     1.623574
H    -1.244219    -2.488096     0.277949
O     1.769183     1.394901    -0.101144
H     1.317780     1.690307     0.716959
H     1.171004     1.672967    -0.827268
O    -0.210962     1.963410    -1.965376
H    -0.148722     2.453073    -2.794472
H    -0.601365     1.075388    -2.200958
O     0.110480     1.823649     2.103904
H    -0.694568     1.998053     1.541512
H     0.094106     2.492334     2.799521
O     4.337547     0.225720    -0.335714
H     3.635827     0.899186    -0.262078
H     5.147491     0.670448    -0.059518
O    -1.869126     2.200498     0.368903
H    -2.428670     1.407014     0.238487
H    -1.408100     2.303941    -0.484558
