33
../55p1A-18 ∆∆E[~CCSD(T)/CBS] = 1.08 kcal/mol
O    -1.328255     0.884976    -1.830795
H    -0.479791     1.365225    -1.766771
H    -1.790062     1.130360    -1.009810
O    -1.366747    -1.854329    -1.549433
H    -1.304249    -0.895364    -1.771962
H    -1.805311    -1.844904    -0.679779
O     1.084487     2.300355    -1.283117
H     1.872898     1.711174    -1.107202
H     1.429060     3.058164    -1.771029
O     0.942942    -3.035531    -1.076617
H     0.075725    -2.606760    -1.337964
H     0.842887    -3.970582    -1.295634
O    -2.165113    -1.451499     1.204437
H    -2.298982    -0.473746     1.200446
H    -2.874995    -1.809104     1.751559
O     0.592553    -2.094461     1.597737
H     0.800396    -2.507085     0.736271
H    -0.364267    -1.906144     1.545320
O     0.164541     2.193415     1.380303
H     0.796698     1.529834     1.724205
H     0.509721     2.400507     0.487886
O     1.993144     0.137548     2.009150
H     1.494438    -0.717607     1.899150
H     2.506859     0.034410     2.819571
O     3.069437     0.710691    -0.568755
H     2.851938     0.453939     0.347701
H     3.161984    -0.135212    -1.057207
O    -2.255837     1.255791     0.925049
H    -1.360440     1.630365     1.174652
H    -2.904112     1.872882     1.286160
O     3.214914    -1.704788    -1.954085
H     3.217102    -1.654212    -2.917844
H     2.406358    -2.214306    -1.730383
