33
../55p1A-12 ∆∆E[~CCSD(T)/CBS] = 0.75 kcal/mol
O    -2.074654     1.717076    -0.135929
H    -2.939714     2.142359    -0.180554
H    -2.255172     0.737916    -0.183773
O     2.703031    -0.512033    -0.607608
H     3.582838    -0.907538    -0.570874
H     2.084278    -1.226911    -0.284999
O     2.075267     2.035435     0.217882
H     2.865479     2.547552     0.428902
H     2.396841     1.131584    -0.005824
O     0.090322     2.343274    -1.884276
H     0.780179     2.465049    -1.208154
H    -0.721891     2.197713    -1.361235
O     0.962626    -0.059198    -2.908542
H     0.610758     0.823868    -2.643477
H     1.714579    -0.190285    -2.303726
O    -0.190717     2.000586     1.946032
H     0.632730     2.040791     1.423808
H    -0.901436     1.971813     1.274720
O    -1.022478    -2.055568     1.991945
H    -0.801179    -1.368908     2.674716
H    -1.316996    -2.827991     2.489839
O    -0.296189    -0.072174     3.632684
H    -0.780629     0.224426     4.412368
H    -0.250474     0.724683     3.040038
O    -2.420800    -0.922585    -0.227746
H    -2.039467    -1.345163     0.565837
H    -1.921088    -1.311880    -0.973602
O    -0.708295    -1.980139    -2.199224
H    -0.119971    -1.253258    -2.556581
H    -0.953025    -2.520471    -2.960070
O     0.973542    -2.424824     0.020648
H     0.364755    -2.323443     0.779122
H     0.381343    -2.461453    -0.756659
