33
../55p1A-26 ∆∆E[~CCSD(T)/CBS] = 1.31 kcal/mol
O     0.555694     1.649493    -2.072185
H     0.872762     2.261014    -2.748405
H     0.702297     2.115621    -1.197247
O     1.699936    -0.870609    -1.619549
H     1.318451    -0.001604    -1.862347
H     0.945310    -1.489614    -1.604667
O     2.796049    -0.936684     0.800128
H     3.649914    -1.380406     0.720223
H     2.443634    -0.881532    -0.132671
O    -1.888123    -0.741143     1.740452
H    -2.324615    -1.088572     0.942548
H    -1.048914    -1.254173     1.786061
O    -1.775514     1.861672     1.229949
H    -2.333051     2.330762     1.862506
H    -1.789830     0.904843     1.514640
O    -0.391846    -2.768642    -1.215707
H    -1.288248    -2.358154    -1.223327
H    -0.462661    -3.555869    -1.769408
O    -2.722580    -1.372144    -0.978928
H    -3.588812    -1.586442    -1.346486
H    -2.543592    -0.424177    -1.245905
O    -2.170170     1.162547    -1.485753
H    -2.145398     1.567682    -0.595850
H    -1.276479     1.338075    -1.843936
O     0.740626     2.749458     0.316243
H    -0.088904     2.495095     0.766106
H     1.458021     2.412899     0.894980
O     0.381796    -2.323278     1.551254
H     1.250000    -1.891949     1.443507
H     0.196671    -2.676687     0.662931
O     2.775838     1.635272     1.854404
H     2.660759     1.572471     2.810559
H     2.833221     0.705280     1.545108
