33
../55p1A-19 ∆∆E[~CCSD(T)/CBS] = 1.10 kcal/mol
O    -1.855750     1.105598    -1.666844
H    -0.943979     1.453763    -1.691768
H    -2.148149     1.289540    -0.756707
O    -2.084320    -1.646184    -1.690626
H    -2.002281    -0.668251    -1.773742
H    -2.134692    -1.777776    -0.728107
O     0.807772     2.133032    -1.437244
H     1.525434     1.452947    -1.322627
H     1.175668     2.800580    -2.029089
O     1.914634    -2.383745    -1.121146
H     1.235941    -2.595439    -1.817986
H     2.561077    -3.098574    -1.176740
O    -2.000266    -1.473606     1.227132
H    -2.178699    -0.508958     1.325057
H    -2.597427    -1.909537     1.847703
O     0.794202    -1.917306     1.443782
H     1.087448    -2.179042     0.548075
H    -0.175942    -1.815511     1.383188
O     0.172105     2.291017     1.318320
H     0.853735     1.678340     1.661715
H     0.424802     2.417635     0.381964
O     2.091845     0.338203     1.960132
H     1.604886    -0.527902     1.869671
H     2.639939     0.254312     2.749675
O     2.683320     0.327930    -0.836456
H     2.687031     0.364489     0.139058
H     2.476605    -0.607625    -1.032581
O    -2.256776     1.255328     1.222140
H    -1.353200     1.667535     1.343775
H    -2.865443     1.809870     1.725477
O    -0.046916    -2.937337    -2.830833
H    -0.838689    -2.468180    -2.450530
H    -0.034855    -2.695932    -3.764725
