33
../55p1A-8 ∆∆E[~CCSD(T)/CBS] = 0.72 kcal/mol
O    -1.184822    -2.423424    -1.464014
H    -1.792583    -1.653736    -1.566968
H    -1.512584    -3.097609    -2.071606
O     1.518454    -1.523739    -1.453608
H     1.786358    -1.756631    -0.541357
H     0.607780    -1.866677    -1.534008
O    -2.679162    -0.140109    -1.445433
H    -2.074592     0.646262    -1.584042
H    -3.474714     0.052771    -1.956636
O     1.626094     1.106011    -1.847249
H     1.622122     0.114455    -1.743958
H     2.234726     1.290061    -2.573094
O     2.093581    -2.131434     1.246823
H     2.711214    -2.846266     1.444513
H     2.460063    -1.334290     1.714105
O     1.912462     2.026094     0.842085
H     0.964059     2.161176     1.036621
H     1.926135     1.782412    -0.103329
O    -2.168451     0.000713     1.418775
H    -1.637263    -0.819930     1.539087
H    -2.554692    -0.107838     0.531609
O    -0.879333     2.307571     1.188531
H    -1.347925     1.445189     1.373570
H    -1.289045     2.958949     1.770594
O    -1.049018     1.934741    -1.609166
H    -1.011896     2.262387    -0.688511
H    -0.120592     1.699704    -1.813166
O    -0.749604    -2.378765     1.407564
H    -0.914343    -2.608309     0.476070
H     0.223775    -2.339502     1.467493
O     3.040109     0.110096     2.348642
H     2.637062     0.854442     1.828306
H     2.883665     0.335822     3.273435
