31
S2-A1-TMA1_pm7-D-235-15992-pw91 ∆∆Ee=1.43 kc/m ∆∆E0=0.53 kc/m ∆∆G(298K)= 0 kc/m
O         -3.61279       -1.24175       -0.38408
H         -3.72459       -2.06397        0.12580
S         -2.08907       -0.67850        0.00516
O         -2.14705       -0.33001        1.47680
O         -2.00550        0.54326       -0.87806
O         -1.13553       -1.78365       -0.32376
O          0.52787        0.95758       -1.73133
H         -0.43363        0.78746       -1.52750
S          1.16592        1.60855       -0.35999
O          2.62577        1.61969       -0.63071
O          0.72781        0.66223        0.76436
O          0.50709        2.95632       -0.15279
N         -1.70319        2.37897        1.27008
H         -1.73830        1.34866        1.47087
H         -2.49084        2.58103        0.65175
H         -1.77962        2.92257        2.12860
H         -0.80584        2.61748        0.75171
N          1.90233       -1.66927        0.29287
C          3.25496       -1.25313        0.76200
H          3.96097       -2.07731        0.58385
H          3.19509       -1.02677        1.83447
H          3.54334       -0.34952        0.21027
C          1.90634       -1.95122       -1.17180
H          2.58061       -2.80406       -1.36063
H          2.26150       -1.05215       -1.69025
H          0.87789       -2.17566       -1.47685
C          1.38143       -2.81940        1.07839
H          2.06623       -3.67086        0.95116
H          0.37594       -3.05649        0.71508
H          1.33685       -2.52562        2.13547
H          1.27666       -0.82199        0.45425
