31
S2-A1-TMA1_pm7-D-235-15992-m062x ∆∆Ee=1.73 kc/m ∆∆E0=0.93 kc/m ∆∆G(298K)= 0.37 kc/m
O         -3.54507       -1.40035       -0.84739
H         -3.70875       -2.23253       -0.36838
S         -2.08240       -0.83830       -0.26959
O         -2.21003       -0.79902        1.22495
O         -2.06435        0.54653       -0.91049
O         -1.02616       -1.75539       -0.79801
O          0.51906        1.22324       -1.58374
H         -0.43312        0.97347       -1.43968
S          1.09981        1.72143       -0.12322
O          2.57195        1.71434       -0.32087
O          0.58604        0.66748        0.87061
O          0.46745        3.05727        0.19174
N         -1.80267        2.09830        1.30855
H         -1.51695        1.32436        1.91741
H         -2.14653        1.62452        0.43949
H         -2.52112        2.67325        1.74371
H         -0.94709        2.64389        1.02401
N          1.90886       -1.57056        0.28209
C          3.17567       -1.18800        0.96868
H          3.92651       -1.97060        0.78685
H          2.97352       -1.09641        2.04380
H          3.49955       -0.21967        0.56744
C          2.10586       -1.65966       -1.19469
H          2.82751       -2.46420       -1.40045
H          2.48731       -0.69209       -1.54385
H          1.13364       -1.86897       -1.65497
C          1.33928       -2.82471        0.84433
H          2.06564       -3.63715        0.69514
H          0.39454       -3.03146        0.33033
H          1.15715       -2.67282        1.91649
H          1.23515       -0.76896        0.46545
