31
S2-A1-TMA1_pm7-186-14733-pw91 ∆∆Ee=0 kc/m ∆∆E0=0 kc/m ∆∆G(298K)= 0.58 kc/m
S          0.92439       -1.94034        0.57733
O          1.69142       -3.14045        0.96631
O          1.33654       -1.39502       -0.81738
O         -0.56914       -1.96244        0.70297
O          1.46209       -0.75730        1.62020
H         -1.54769        0.03801        0.24653
H          0.85887        0.02567        1.45257
S          0.25709        1.87959       -0.40796
O         -0.56069        3.04711       -0.79815
O         -0.19797        1.20314        0.89465
O         -0.09277        0.73670       -1.56350
O          1.75343        2.09185       -0.42662
H          0.42951       -0.08765       -1.31666
H          2.88469        0.94008       -0.23421
N         -2.57524       -0.06722        0.11347
C         -3.11217       -0.58687        1.40285
H         -4.20648       -0.65294        1.32306
H         -2.82794        0.11594        2.19649
H         -2.66474       -1.56823        1.59291
C         -2.82397       -1.00908       -1.01427
H         -3.91108       -1.10120       -1.15144
H         -2.36909       -1.97320       -0.76371
H         -2.35480       -0.58987       -1.91251
C         -3.11858        1.28951       -0.18893
H         -4.21151        1.20912       -0.27655
H         -2.67208        1.64662       -1.12353
H         -2.83504        1.96671        0.62480
N          3.47485        0.06208       -0.20186
H          3.69012       -0.16736        0.76994
H          4.32206        0.14943       -0.75980
H          2.81684       -0.68364       -0.56483
