31
S2-A1-TMA1_pm7-D-123-16818-m062x ∆∆Ee=1.63 kc/m ∆∆E0=0.93 kc/m ∆∆G(298K)= 0.46 kc/m
O          0.74373       -0.93995       -1.50719
H         -0.24766       -0.89299       -1.38566
S          1.33726       -1.64845       -0.14410
O          0.70594       -2.99198        0.00639
O          0.82561       -0.70858        0.99734
O          2.80761       -1.54917       -0.32109
O         -3.71825        0.94020       -1.04518
H         -3.53324        1.06382       -1.99363
S         -2.25622        0.55592       -0.34812
O         -1.87317       -0.79841       -0.92110
O         -2.62803        0.48191        1.10764
O         -1.30271        1.64751       -0.72554
N         -1.46417       -1.93100        1.66077
H         -1.57317       -2.54200        0.84661
H         -0.50380       -1.49583        1.55189
H         -2.14177       -1.14009        1.59722
H         -1.54722       -2.46268        2.52494
N          1.74800        1.71102        0.30873
C          1.01467        2.79716        1.01602
H          1.58441        3.73181        0.91013
H          0.93167        2.52472        2.07650
H          0.01734        2.88351        0.56955
C          1.83840        1.96907       -1.15774
H          2.39362        2.90708       -1.30695
H          0.81897        2.04190       -1.55253
H          2.36156        1.12469       -1.62166
C          3.09843        1.48188        0.89832
H          3.70519        2.38740        0.75383
H          3.54461        0.61296        0.39850
H          2.97717        1.26755        1.96779
H          1.22204        0.80551        0.46862
