34
S2-DMA2_pm7-D-175-18109-wb97xd ∆∆Ee=0 kc/m ∆∆E0=0 kc/m ∆∆G(298K)= 0 kc/m
O         -2.20461        2.91153       -0.46388
H         -2.11509        3.31168       -1.34831
S         -0.94724        1.83505       -0.32675
O         -1.23159        0.73425       -1.32338
O         -1.07252        1.37928        1.10258
O          0.30512        2.61418       -0.63026
O          1.10135       -0.67798       -1.71562
H          0.23381       -0.19554       -1.69089
S          0.95368       -1.96102       -0.66387
O         -0.38191       -2.60613       -0.96493
O          0.88763       -1.29186        0.72008
O          2.17162       -2.75898       -0.90842
N          2.23803        0.99391        0.55975
C          3.56294        0.70497       -0.04321
C          2.29351        1.61038        1.90766
H          1.67045        1.61029       -0.05524
H          4.10510        0.01481        0.61664
H          3.39657        0.22964       -1.01704
H          4.12497        1.64190       -0.15625
H          2.81257        0.92371        2.58968
H          2.83306        2.56537        1.85118
H          1.26235        1.77788        2.24303
H          1.69528        0.08248        0.62500
N         -1.99675       -1.27586        0.78424
C         -3.38131       -1.09996        0.28255
C         -1.90412       -2.02661        2.05998
H         -1.41376       -1.77382        0.06179
H         -3.96687       -0.54679        1.02916
H         -3.33128       -0.53286       -0.65414
H         -3.82633       -2.08891        0.11005
H         -2.46495       -1.48892        2.83644
H         -2.32829       -3.02891        1.91423
H         -0.84341       -2.10095        2.32584
H         -1.56149       -0.33883        0.90679
