33
../43p4B-5 ∆∆E[~CCSD(T)/CBS] = 1.46 kcal/mol
O     1.712611     2.058373     0.985853
H     1.319337     2.148113     0.092111
H     0.991780     2.319287     1.591723
O    -0.369974    -0.405449     2.967541
H     0.496521    -0.612812     2.570074
H    -1.027061    -0.753566     2.331561
O    -1.915043     1.624139     0.200018
H    -1.225510     1.798953    -0.471750
H    -1.559039     2.020166     1.017538
O    -0.956827    -2.643182    -0.976180
H    -0.011731    -2.505940    -0.783121
H    -1.420442    -2.093418    -0.313241
O     1.059444    -0.095708    -2.767382
H     0.275331    -0.566717    -3.128268
H     1.438266    -0.729656    -2.130852
O    -0.567763     2.243880     2.639524
H    -0.525615     1.283025     2.896204
H    -0.799397     2.728351     3.440843
O     2.181308    -0.468432     1.603241
H     3.002017    -0.504188     2.111156
H     2.070760     0.496298     1.352985
O    -1.245416    -1.471304    -3.414194
H    -1.237249    -1.982700    -2.568241
H    -1.368712    -2.129066    -4.108861
O    -2.227272    -0.936372     0.895460
H    -2.179927     0.002355     0.564326
H    -3.167408    -1.115394     1.023772
O     1.839020    -1.941692    -0.688534
H     2.049111    -1.466971     0.149239
H     2.538675    -2.598496    -0.792397
O     0.340604     2.085296    -1.456468
H     0.387354     2.820563    -2.080279
H     0.601183     1.277380    -1.987279
