33
../443-1 ∆∆E[~CCSD(T)/CBS] = 1.21 kcal/mol
O     2.409909     0.004970     2.330198
H     2.333995    -0.719110     1.681248
H     1.552522    -0.007998     2.798906
O     2.327922     2.230192     0.828870
H     3.075665     2.823054     0.972951
H     2.476073     1.451189     1.429552
O    -1.320820     0.952753    -0.512926
H    -1.319568     0.104916    -0.011540
H    -1.948595     0.806934    -1.249700
O    -0.407887     2.434953     1.688039
H    -0.874731     2.146451     0.879695
H     0.510350     2.578949     1.389042
O    -2.763708    -0.051389    -2.684786
H    -2.720120    -0.957531    -2.289820
H    -3.661483     0.050078    -3.023207
O     1.698375    -1.638923     0.107896
H     1.622426    -0.857813    -0.499883
H     2.065832    -2.358081    -0.421181
O    -0.301721     0.224151     3.194834
H    -0.404683     1.098600     2.728082
H    -0.666286     0.350882     4.079405
O    -0.002032    -1.111543    -3.170194
H    -0.754378    -0.552731    -3.425001
H     0.632231    -0.480932    -2.789686
O    -0.954913    -1.367880     0.960005
H    -0.892831    -0.996761     1.862450
H    -0.031918    -1.610333     0.738177
O    -1.994418    -2.389686    -1.561343
H    -1.135023    -2.195659    -1.985684
H    -1.828415    -2.251894    -0.612766
O     1.296375     0.645495    -1.268155
H     1.806488     1.310016    -0.764866
H     0.356231     0.852042    -1.047489
