33
../443p-2 ∆∆E[~CCSD(T)/CBS] = 0.98 kcal/mol
O     2.825274     1.520473    -0.366956
H     3.696888     1.793864    -0.678546
H     2.928578     0.574831    -0.065037
O     2.790086    -0.993998     0.526445
H     2.076794    -1.425429     0.014231
H     2.424707    -0.948779     1.430710
O    -1.050058    -0.712182     1.447169
H    -1.112706     0.253077     1.284281
H    -0.378301    -0.779049     2.153016
O     1.351070    -0.373837     2.938244
H     1.603418    -0.443566     3.867221
H     1.396944     0.594871     2.718655
O    -1.559360    -2.963680    -2.137643
H    -1.864438    -3.877472    -2.089465
H    -2.230729    -2.434259    -1.645671
O    -2.385912     1.229975    -2.074017
H    -1.418666     1.209120    -2.212721
H    -2.766678     1.290130    -2.959254
O     0.384113    -1.607859    -0.755931
H    -0.174307    -1.410355     0.030262
H    -0.151089    -2.238797    -1.286464
O    -1.042142     1.949000     0.595837
H    -1.866136     2.346812     0.282893
H    -0.573060     1.675344    -0.230866
O     0.326268     0.989723    -1.560676
H     1.235201     1.315023    -1.406572
H     0.388808     0.017198    -1.386810
O    -3.069077    -1.203625    -0.674895
H    -2.895324    -0.347836    -1.114379
H    -2.620410    -1.132230     0.183913
O     1.406632     2.159302     2.032772
H     1.976875     2.125903     1.239760
H     0.520973     2.345445     1.670844
