33
../44p12a-1 ∆∆E[~CCSD(T)/CBS] = 0.84 kcal/mol
O     0.185462     1.371884     3.945604
H     0.896263     1.168304     4.565624
H     0.518257     2.129421     3.414657
O    -0.174238    -2.744121    -1.701445
H    -0.194249    -3.698303    -1.843245
H     0.313470    -2.604826    -0.843006
O    -2.418848    -1.002176    -1.512478
H    -1.724161    -1.681943    -1.609688
H    -2.000218    -0.189105    -1.851029
O     0.574982     1.539068     0.020448
H     1.409067     1.100021    -0.253254
H     0.155066     0.885123     0.639030
O    -0.439007    -0.232245     1.799237
H    -1.409368    -0.380054     1.698857
H    -0.296220     0.213578     2.663121
O     1.155807    -0.654431    -3.063568
H     0.459547     0.029015    -3.036331
H     0.694766    -1.470610    -2.784175
O     1.178178    -2.100121     0.507190
H     0.622171    -1.535574     1.085670
H     1.855722    -1.488680     0.164600
O    -0.823595     1.261628    -2.301499
H    -1.147245     2.092600    -2.670062
H    -0.371972     1.497203    -1.452999
O     2.643940    -0.073124    -0.928084
H     3.573000     0.095879    -1.126086
H     2.207694    -0.288862    -1.798133
O    -3.029188    -0.582405     1.095262
H    -3.650659    -1.249691     1.409181
H    -2.889262    -0.782450     0.136106
O     1.042230     3.287971     2.134114
H     0.559161     4.116906     2.029866
H     0.895306     2.797738     1.294779
