33
../44p3pA-4 ∆∆E[~CCSD(T)/CBS] = 0.60 kcal/mol
O    -2.387060    -2.036366     1.043173
H    -2.639245    -1.290901     0.465942
H    -1.642773    -1.678580     1.556085
O    -0.701010     0.170501    -2.189776
H    -0.048311     0.894686    -2.234462
H    -0.199996    -0.566366    -1.771655
O    -1.609618     1.814841     1.314428
H    -2.184396     1.404665     0.624117
H    -2.212079     2.187623     1.970012
O     1.524406     1.959463    -1.935103
H     1.999880     2.393716    -2.654008
H     2.122552     1.226752    -1.618201
O    -0.011925    -0.482404     1.781946
H     0.879495    -0.168486     2.030983
H    -0.532819     0.342737     1.713871
O     2.899058    -0.062422    -0.856929
H     2.276348    -0.816899    -0.876792
H     2.948878     0.166312     0.090500
O    -1.067898    -3.864755    -0.557919
H    -1.648162    -3.342131     0.041595
H    -1.012068    -4.742297    -0.161575
O     2.452276     0.890864     1.819592
H     3.063803     1.210819     2.494096
H     1.978572     1.695633     1.476051
O     0.642982    -1.703591    -0.667597
H     0.371199    -1.339677     0.202537
H     0.224242    -2.590498    -0.700484
O    -2.791651     0.340309    -0.615839
H    -2.039502     0.314072    -1.280957
H    -3.592287     0.485394    -1.135272
O     1.001201     2.843307     0.685354
H     0.057894     2.643733     0.827755
H     1.140068     2.711580    -0.274351
