33
../44p3pB-4 ∆∆E[~CCSD(T)/CBS] = 0.88 kcal/mol
O     2.549292    -0.713615     0.732641
H     1.827528    -1.301175     0.426804
H     2.710329    -0.134642    -0.035199
O    -2.200009    -1.500485     1.028964
H    -2.742478    -2.012097     1.641615
H    -1.927948    -0.683804     1.529145
O     0.237309    -1.940954    -0.210083
H     0.041708    -2.598926    -0.912066
H    -0.553854    -1.983951     0.366454
O     1.513705     0.889602     2.590151
H     1.981729     0.814586     3.430950
H     1.949112     0.233428     1.977900
O     2.393151     1.219920    -1.412216
H     2.873861     1.341503    -2.240072
H     1.471376     0.963532    -1.666327
O    -1.025051     2.571729     0.081497
H    -1.523633     3.359484    -0.167352
H    -0.098650     2.878047     0.285380
O    -1.304815     0.722430     2.195909
H    -0.361147     0.719910     2.452057
H    -1.365327     1.453499     1.551301
O    -0.209844     0.441911    -1.589726
H    -0.073754    -0.348887    -1.017679
H    -0.599174     1.135165    -1.016763
O    -2.631618    -1.289780    -1.873175
H    -1.984264    -0.579723    -2.029346
H    -2.701698    -1.309184    -0.900282
O    -0.984329    -3.489002    -2.127289
H    -1.659308    -2.775735    -2.207167
H    -0.820607    -3.797931    -3.025956
O     1.535407     2.987163     0.671058
H     1.644667     2.398103     1.444037
H     2.005288     2.521754    -0.047083
