33
../44p3pB-10 ∆∆E[~CCSD(T)/CBS] = 1.13 kcal/mol
O     2.714120     1.331945     0.117581
H     3.637404     1.507803    -0.100865
H     2.193761     1.517685    -0.713498
O     0.864277     2.779213     1.720620
H     0.495630     2.059155     2.267390
H     1.644822     2.374465     1.294415
O    -0.439120     0.454641     2.691672
H    -0.740264     0.140200     3.552772
H    -1.259972     0.583821     2.137078
O     0.056482    -0.869942    -1.724998
H     0.333494    -1.725294    -2.119556
H     0.458854    -0.886383    -0.825386
O    -2.316181    -1.490296    -0.562188
H    -1.561679    -1.258070    -1.158510
H    -3.030576    -1.775069    -1.146482
O    -0.924994     2.982769    -0.270268
H    -0.280610     3.027725     0.487276
H    -1.270825     3.878801    -0.369569
O     1.141532    -0.891332     0.834584
H     0.611399    -0.480743     1.551434
H     1.881867    -0.267839     0.695176
O     1.049972     1.747081    -1.930959
H     0.310219     2.249349    -1.537178
H     0.671473     0.860213    -2.096311
O    -2.411565     0.878534     0.976585
H    -2.059324     1.600455     0.420006
H    -2.488115     0.101667     0.387018
O    -0.236922    -3.419727     0.418344
H     0.374664    -2.725813     0.723211
H    -1.075414    -2.938733     0.300180
O     0.414031    -3.546660    -2.259250
H     1.129583    -4.144290    -2.506172
H     0.252841    -3.703264    -1.300163
