33
../44p3pA-16 ∆∆E[~CCSD(T)/CBS] = 1.41 kcal/mol
O     1.870696     2.064961     0.386190
H     1.439118     2.217073    -0.500537
H     2.621197     2.670634     0.419179
O     0.720133     2.161064    -2.004026
H     0.995535     1.314008    -2.399448
H    -0.255718     2.093692    -1.932036
O     1.234519    -1.365188     2.780355
H     1.785688    -1.715936     3.490882
H     0.442579    -1.959514     2.745196
O     0.087798     1.362072     2.518863
H     0.488427     0.508050     2.759496
H     0.718053     1.740997     1.878585
O    -1.431700    -0.967635    -2.662066
H    -0.496228    -0.862941    -2.908988
H    -1.735966    -0.055563    -2.489407
O    -0.898723    -1.611268    -0.059969
H    -1.181350    -1.554873    -1.003921
H     0.016472    -1.264161    -0.068825
O     1.475387    -0.567098    -2.623851
H     2.175115    -0.911421    -3.192568
H     1.732448    -0.819974    -1.712332
O    -0.976676    -2.867852     2.350758
H    -1.107132    -2.573170     1.421586
H    -1.794516    -2.621217     2.801632
O    -2.095075     0.774179     0.862940
H    -1.410258     1.080804     1.497766
H    -1.780308    -0.123273     0.630179
O    -1.998688     1.666691    -1.637268
H    -2.730714     2.262902    -1.836914
H    -2.088823     1.440431    -0.667581
O     1.803727    -0.701819     0.117550
H     1.938037     0.259557     0.264489
H     1.827566    -1.083254     1.018561
