33
../44p3pB-2 ∆∆E[~CCSD(T)/CBS] = 0.51 kcal/mol
O    -2.310115     2.088380     1.333631
H    -2.493326     1.138705     1.198577
H    -1.339422     2.131595     1.330928
O     1.158178    -0.595797    -2.417669
H     0.304125    -0.133923    -2.298769
H     1.812234     0.005664    -2.014626
O    -1.181262     0.678093    -1.549738
H    -1.707027     1.488815    -1.719822
H    -1.802601     0.109599    -1.047546
O     0.447103     1.452079     0.552232
H     1.347913     1.518132     0.176993
H    -0.102780     1.168525    -0.216552
O    -2.658474    -0.644312     0.389306
H    -2.010426    -1.340250     0.688798
H    -3.514421    -1.087986     0.343204
O     1.241328    -2.735212    -0.823012
H     1.378114    -3.544303    -1.331099
H     1.184625    -1.999911    -1.494117
O     2.907535     0.893699    -0.678696
H     3.088549     0.099268    -0.106560
H     3.761311     1.319673    -0.822419
O     3.035375    -1.301489     0.851255
H     2.540177    -1.961910     0.327255
H     2.432101    -1.092288     1.588908
O    -2.883199     2.826462    -1.275232
H    -2.903525     3.772538    -1.460859
H    -2.757802     2.747800    -0.301965
O     0.852061    -0.415489     2.470924
H     0.646804     0.319138     1.837772
H     0.743523    -0.043491     3.354902
O    -0.753803    -2.337431     1.155154
H    -0.133360    -2.580835     0.439222
H    -0.210585    -1.796050     1.759920
