33
../44p3pA-9 ∆∆E[~CCSD(T)/CBS] = 0.96 kcal/mol
O     2.700141     0.655838    -1.411057
H     2.001184     0.824203    -2.073212
H     2.543524    -0.261621    -1.121100
O    -3.558410    -0.826559     1.640001
H    -4.474995    -0.667773     1.384746
H    -3.042480    -0.084115     1.248772
O    -0.350342     2.894417    -0.911855
H    -0.973329     2.340684    -0.394947
H     0.443972     2.924234    -0.344895
O     0.589013    -2.137927     1.848998
H    -0.318044    -2.361254     1.490193
H     0.730736    -2.741922     2.588758
O     0.336367     1.252848    -2.890354
H     0.208155     1.645406    -3.762431
H     0.047842     1.946508    -2.231270
O     0.362885     0.731239     2.261202
H     0.608556    -0.210728     2.229294
H     1.078802     1.214632     1.805186
O     1.873116    -1.944451    -0.530369
H     2.243288    -2.781346    -0.837914
H     1.558376    -2.114704     0.389349
O    -1.699186     0.840916     0.489331
H    -1.348860     0.191896    -0.157767
H    -1.008550     0.831802     1.200064
O    -1.734913    -2.649699     0.655933
H    -2.487332    -2.136068     1.026398
H    -1.621985    -2.270340    -0.232333
O    -0.639099    -0.956615    -1.455286
H    -0.448318    -0.295074    -2.150032
H     0.241276    -1.321382    -1.238849
O     2.038238     2.313988     0.594105
H     2.393263     1.725844    -0.123418
H     2.777368     2.871430     0.866580
