33
../44p3pA-11 ∆∆E[~CCSD(T)/CBS] = 1.13 kcal/mol
O    -2.909834     0.913254     1.431711
H    -2.387048     0.159745     1.754974
H    -3.403061     0.526554     0.680120
O    -0.601823    -0.996471     1.562393
H    -0.790339    -0.844460     0.610364
H    -0.084042    -0.215672     1.839762
O     3.146725     0.113521     0.800229
H     4.084274     0.337813     0.851529
H     2.891960     0.252920    -0.157097
O     2.318168     0.347402    -1.705280
H     1.531461     0.922216    -1.801872
H     1.999969    -0.544395    -1.943841
O    -0.861419     2.564025     0.566622
H    -0.161499     2.298743     1.189505
H    -1.650991     2.052220     0.865235
O     1.091114     1.234666     2.219576
H     1.928936     0.927773     1.801858
H     1.320146     1.464293     3.128792
O     1.176606    -2.261456    -1.787539
H     1.418748    -2.440911    -0.836532
H     1.366780    -3.074890    -2.270327
O    -0.131220     1.725268    -1.814857
H    -0.413922     2.128786    -0.940225
H    -0.418944     2.344212    -2.497193
O    -3.855986    -0.385967    -0.902803
H    -2.972262    -0.741311    -1.128802
H    -4.452400    -1.143623    -0.931982
O    -1.129187    -0.790274    -1.203438
H    -0.864452     0.091417    -1.544058
H    -0.459251    -1.405875    -1.562678
O     1.723527    -2.433396     0.819997
H     2.358487    -1.709146     0.969283
H     0.896609    -2.092675     1.225081
