33
../551B-2 ∆∆E[~CCSD(T)/CBS] = 0.75 kcal/mol
O     1.082909     0.604394    -2.027699
H     1.075158     1.177753    -2.812566
H     0.216535     0.837700    -1.613955
O    -2.091703    -0.881808     1.834082
H    -1.259066    -1.221032     2.223057
H    -1.996078     0.087550     1.887375
O    -1.422041     1.275130    -1.163965
H    -1.893509     0.416581    -1.132738
H    -1.464410     1.612972    -0.243948
O    -0.394609     2.603033    -3.445570
H    -1.018263     2.299540    -2.759761
H    -0.945711     2.877873    -4.187742
O     2.790352     0.522139     0.070497
H     3.660008     0.907927    -0.090858
H     2.280749     0.651224    -0.766720
O     1.906052    -2.184559     0.649711
H     1.342003    -2.293866    -0.151854
H     2.407050    -1.370913     0.460011
O     1.083719     1.126651     2.263326
H     0.956935     0.219415     2.605515
H     1.728171     1.017546     1.536424
O     0.459656    -1.588264     2.773733
H     0.668564    -2.179472     3.507138
H     1.005014    -1.911017     1.998255
O    -1.356670     1.881845     1.546015
H    -1.614103     2.691394     2.003594
H    -0.415289     1.698992     1.823024
O    -2.307017    -1.344606    -0.776023
H    -2.277488    -1.270907     0.218140
H    -3.132251    -1.801015    -0.980854
O     0.325934    -2.168967    -1.614372
H     0.624303    -1.326498    -2.002194
H    -0.607095    -1.998088    -1.385130
