33
../551B-5 ∆∆E[~CCSD(T)/CBS] = 1.01 kcal/mol
O     1.721969     2.040981    -0.516900
H     0.957240     2.097715    -1.123933
H     2.226281     1.279727    -0.855989
O    -0.798038    -2.305854     0.873197
H     0.158018    -2.151079     0.992428
H    -1.217678    -1.536360     1.309937
O    -0.794940     1.569594     4.063034
H    -0.027271     1.577857     3.461252
H    -0.671020     2.331338     4.641225
O     1.965497    -1.539105     1.141105
H     2.333542    -1.301325     0.257189
H     2.630314    -2.101659     1.557238
O     2.690608    -0.597178    -1.320820
H     3.466031    -0.834071    -1.844671
H     1.908947    -0.707810    -1.937813
O    -1.729038     0.227182     1.671257
H    -0.799089     0.561450     1.664771
H    -2.053949     0.564166     2.521374
O    -2.484090     0.580041    -1.000709
H    -2.359608     0.546231    -0.029475
H    -2.378947    -0.349020    -1.280129
O    -0.514066     1.842957    -2.259582
H    -0.864040     2.545663    -2.820767
H    -1.302315     1.462265    -1.780081
O    -1.579878    -2.064730    -1.657834
H    -1.286224    -2.261689    -0.725624
H    -2.044688    -2.854114    -1.960881
O     0.557986    -0.702176    -2.868786
H     0.183660     0.201133    -2.846749
H    -0.170182    -1.267259    -2.538124
O     0.878551     1.014248     1.857988
H     1.185625     1.494310     1.048735
H     1.363977     0.169288     1.818849
