33
../55p1A-21 ∆∆E[~CCSD(T)/CBS] = 1.11 kcal/mol
O    -1.740088     0.996868    -1.899366
H    -0.864365     1.427125    -1.851962
H    -2.136373     1.194303    -1.031513
O    -1.442771    -1.723676    -1.654622
H    -1.565942    -0.765134    -1.856355
H    -1.760867    -1.792402    -0.736729
O     0.837629     2.145946    -1.419648
H     1.493641     1.405232    -1.304906
H     1.263349     2.775287    -2.014637
O     1.123337    -2.302582    -1.473981
H     0.155259    -2.111044    -1.645259
H     1.359271    -3.022269    -2.071716
O    -1.921587    -1.406315     1.202194
H    -2.156380    -0.447644     1.207694
H    -2.542819    -1.824650     1.811024
O     0.817022    -2.175415     1.330923
H     0.943613    -2.391739     0.385538
H    -0.114862    -1.885447     1.385534
O    -0.237721     2.699523     1.129579
H     0.433181     2.447591     1.799804
H     0.217837     2.619900     0.268020
O     2.712536    -0.386315     1.810364
H     1.982754    -1.062385     1.716328
H     3.440609    -0.865054     2.226496
O     2.517931     0.109755    -1.023962
H     2.726243    -0.007462    -0.077890
H     2.099568    -0.737170    -1.280186
O    -2.424010     1.264639     0.920917
H    -1.607043     1.822953     1.086896
H    -3.157746     1.765171     1.298572
O     1.632924     1.882005     3.011119
H     2.337345     2.497417     3.248080
H     2.092301     1.089859     2.657840
