33
../55p1A-3 ∆∆E[~CCSD(T)/CBS] = 0.44 kcal/mol
O     0.147561     2.347551     1.975613
H    -0.054781     3.050195     2.604945
H    -0.694783     1.814098     1.875288
O    -1.924736     0.741709     1.667077
H    -1.598812    -0.125444     1.967492
H    -2.133998     0.610677     0.711403
O     0.950410    -0.610879    -2.500357
H     0.235201    -1.246360    -2.301946
H     0.479723     0.227046    -2.681115
O    -1.237118    -2.222839    -1.706298
H    -1.005154    -2.748611    -0.901090
H    -1.749163    -2.821902    -2.263468
O    -2.351713     0.356481    -1.020238
H    -2.063601    -0.540891    -1.269469
H    -1.776984     0.943519    -1.547335
O    -0.398244    -1.606907     2.501348
H     0.426393    -1.051504     2.397571
H    -0.410022    -1.881411     3.427067
O     1.689465    -0.011035     2.134995
H     1.302379     0.885247     2.191955
H     2.064069    -0.053396     1.232046
O     1.301488     2.663052    -0.562500
H     1.916865     1.906465    -0.522091
H     0.885591     2.677545     0.323872
O     2.607130     0.106694    -0.532442
H     2.020923    -0.248422    -1.255832
H     3.508836    -0.100541    -0.806955
O    -0.551924    -3.533654     0.558288
H    -0.472932    -2.885473     1.296329
H     0.288848    -4.007790     0.556118
O    -0.396591     1.868048    -2.457405
H     0.203045     2.268149    -1.769646
H    -0.538609     2.556938    -3.117638
