33
../55p1A-28 ∆∆E[~CCSD(T)/CBS] = 1.42 kcal/mol
O     1.889800    -1.967305     0.853439
H     1.951357    -1.028248     1.118455
H     1.843962    -1.960364    -0.122145
O     0.160049     2.789911     0.601297
H     0.198802     2.671842    -0.367993
H     0.800650     2.146370     0.963153
O    -2.208712     1.793652     1.354644
H    -1.372599     2.279919     1.120557
H    -2.810483     2.457650     1.712736
O    -2.222769     0.565973    -1.249870
H    -2.389849     0.968820    -0.377600
H    -1.532934     1.135349    -1.638405
O     1.259622    -1.952486    -1.925959
H     1.395896    -2.699131    -2.522779
H     0.280435    -1.974503    -1.690596
O    -0.738247    -0.100431     2.837855
H    -1.408606     0.464826     2.405473
H    -0.880688    -1.000122     2.483366
O     2.049608     0.540221    -2.730977
H     2.875120     0.699922    -2.256581
H     1.792654    -0.379850    -2.487674
O    -0.010906     2.189628    -2.162098
H    -0.109029     2.826668    -2.880497
H     0.757623     1.621576    -2.419359
O    -0.615434    -2.619978     1.576433
H    -0.685394    -3.477016     2.014510
H     0.349203    -2.496141     1.369274
O     1.620022     0.688782     1.884721
H     2.210590     0.935011     2.608681
H     0.768994     0.406451     2.326200
O    -1.242104    -1.993827    -1.154783
H    -1.229717    -2.246919    -0.213169
H    -1.657655    -1.098999    -1.179564
