33
../55p1A-14 ∆∆E[~CCSD(T)/CBS] = 0.80 kcal/mol
O     0.601005    -1.263277     2.338814
H    -0.068900    -1.863173     1.956006
H     0.110745    -0.431069     2.487716
O     0.578385     2.819668    -1.002369
H     1.227219     2.066887    -1.114609
H     0.953421     3.547750    -1.513499
O     2.152249     0.749784    -1.464409
H     2.361581     0.127339    -0.738781
H     1.643437     0.208714    -2.100170
O     0.331139    -0.839348    -2.940053
H     0.430743    -1.631801    -2.343147
H     0.353710    -1.184188    -3.840823
O    -1.068897     1.012526     2.648778
H    -1.367378     1.189524     3.549490
H    -0.838304     1.898307     2.272517
O    -0.498710     3.378167     1.459586
H    -0.056443     3.208827     0.595871
H    -1.294375     3.872963     1.225328
O    -1.543403     0.955754    -1.753545
H    -0.933199     1.693765    -1.577908
H    -0.994368     0.323470    -2.256476
O    -2.489797    -0.319429     0.508344
H    -2.138568     0.198561     1.255181
H    -2.187935     0.163603    -0.296457
O    -1.306887    -2.667059     0.775229
H    -1.833923    -1.828866     0.628904
H    -1.953431    -3.355340     0.972868
O     0.732731    -2.767117    -1.154885
H     1.460082    -2.412653    -0.608613
H    -0.016868    -2.838170    -0.528784
O     2.519023    -1.244294     0.492889
H     3.364788    -1.481107     0.892652
H     1.869179    -1.198043     1.246639
