33
../55p1A-30 ∆∆E[~CCSD(T)/CBS] = 1.50 kcal/mol
O    -0.852747    -2.073740    -1.345090
H    -1.524454    -1.353344    -1.398777
H    -1.174919    -2.769463    -1.931357
O     1.904589    -1.378163    -1.354857
H     2.087328    -1.495882    -0.401451
H     0.959006    -1.606189    -1.448027
O    -2.624453     0.005991    -1.196810
H    -2.199310     0.907233    -1.312301
H    -3.487053     0.072322    -1.624649
O     2.562646     1.173739    -1.735975
H     2.317326     0.208878    -1.671196
H     3.482277     1.182893    -2.030217
O     2.188097    -1.202104     1.445348
H     2.161519    -0.205874     1.416839
H     2.892454    -1.431483     2.063404
O     2.050055     1.435416     1.098799
H     1.148653     1.796863     1.229798
H     2.236401     1.545332     0.147835
O    -2.080497     0.113380     1.655066
H    -1.532334    -0.701284     1.742529
H    -2.476195     0.019841     0.769708
O    -0.603191     2.300143     1.401835
H    -1.156951     1.487961     1.587843
H    -0.837629     2.936657     2.088620
O    -1.492905     2.374526    -1.287942
H    -1.139921     2.536448    -0.391337
H    -0.747524     2.549505    -1.901117
O    -0.492160    -2.144881     1.553514
H    -0.603590    -2.333397     0.604965
H     0.445373    -1.881161     1.628734
O     0.682872     2.783243    -2.970656
H     1.396834     2.196928    -2.639152
H     0.612548     2.589034    -3.913023
