33
../55p1A-27 ∆∆E[~CCSD(T)/CBS] = 1.36 kcal/mol
O    -2.405470     0.969818    -1.729573
H    -1.850880     1.653687    -2.158062
H    -2.401935     1.205707    -0.785037
O    -1.489032    -1.594077    -1.591509
H    -1.802796    -0.672118    -1.762210
H    -1.819569    -1.768218    -0.692886
O     1.495846     2.676528    -1.147795
H     1.957127     1.791252    -1.118817
H     2.203203     3.329314    -1.225225
O     1.113818    -1.967097    -1.422063
H     0.137169    -1.810024    -1.582042
H     1.370203    -2.656344    -2.047054
O    -2.021777    -1.532018     1.270200
H    -2.157163    -0.557151     1.332383
H    -2.711264    -1.926494     1.818004
O     0.754882    -2.126077     1.388895
H     0.928805    -2.249256     0.434208
H    -0.210685    -1.983337     1.436643
O     0.310685     2.148078     1.403358
H     0.952921     1.475869     1.707861
H     0.680640     2.460381     0.554363
O     2.136047     0.068043     1.954740
H     1.626378    -0.783259     1.851482
H     2.715256    -0.060410     2.715579
O     2.656845     0.310855    -0.839611
H     2.669881     0.199782     0.130462
H     2.155385    -0.468909    -1.156146
O    -2.153089     1.204528     1.157501
H    -1.230962     1.573061     1.273191
H    -2.720620     1.779235     1.686323
O    -0.685710     2.881623    -2.873786
H     0.142862     2.820475    -2.353611
H    -0.417462     2.731814    -3.788615
