25
Acenaphthene-H2O
C 1.312202 -2.008895 -0.060769
C 0.024896 -1.399708 -0.169771
C 0.007782 0.013693 -0.356564
C 1.175374 0.818905 -0.422656
C 2.416480 0.198318 -0.301355
C 2.466794 -1.221383 -0.126061
H 1.395413 -3.090995 0.084726
H 3.348774 0.771627 -0.334549
H 3.443999 -1.705673 -0.031760
C -1.247497 -2.042321 -0.079378
C -2.421305 -1.285333 -0.162079
C -2.405519 0.134968 -0.339572
C -1.179425 0.787681 -0.443564
H -1.304587 -3.126023 0.066116
H -3.386700 -1.794944 -0.080785
H -3.351925 0.683558 -0.388073
C 0.765060 2.276702 -0.580350
H 1.177958 2.707611 -1.506747
H 1.140750 2.881402 0.260454
C -0.805140 2.254886 -0.603956
H -1.200341 2.662086 -1.548755
H -1.224349 2.859377 0.216145
O -0.077837 0.856777 2.670140
H 0.698368 0.541088 2.184541
H -0.808232 0.545872 2.114836
