33
principal moment aligned geometry
C      0.951279    -0.754087    -0.378952
C     -0.418783    -1.137874    -0.374089
C     -1.207723     0.047089    -0.361922
C     -0.324516     1.163467    -0.358637
C      1.009756     0.668595    -0.369636
C     -2.495916     0.096453     0.190609
C     -2.939425     1.424196     0.565601
C     -2.064907     2.527720     0.570256
C     -0.669561     2.401856     0.199470
C      1.966968    -1.558419     0.157080
C      1.547797    -2.899245     0.514293
C      0.192208    -3.278538     0.519833
C     -0.864748    -2.350903     0.168336
C      2.088150     1.380562     0.175137
C      1.779905     2.746415     0.549679
C      0.459752     3.235185     0.561682
C      3.232221     0.564080     0.526921
C      3.174081    -0.843071     0.518394
C     -2.265761    -2.366598     0.538402
C     -3.046954    -1.195044     0.548694
H     -3.955213     1.568584     0.950969
H     -2.439417     3.481639     0.958809
H      2.287152    -3.618627     0.884413
H     -0.063549    -4.276389     0.894055
H      2.575529     3.398153     0.928321
H      0.286583     4.245705     0.949004
H      4.143638     1.040821     0.905388
H      4.042961    -1.397756     0.890668
H     -2.717331    -3.291400     0.915273
H     -4.071193    -1.260615     0.933170
O     -0.074097     0.091420    -3.557493
H      0.677361     0.136608    -2.948874
H     -0.827523     0.049315    -2.951262
